(397, 53, 420)
(400, 55, 414)
(394, 45, 406)
(379, 41, 404)
(394, 43, 406)
(399, 56, 418)
(389, 44, 413)
(385, 44, 430)
(391, 47, 420)
(386, 52, 428)
(380, 38, 416)
(375, 46, 421)
(371, 51, 431)
(379, 45, 435)
(367, 46, 437)
(365, 48, 430)
(354, 49, 429)
(353, 44, 426)
(360, 45, 438)
(364, 53, 435)
(351, 48, 416)
(351, 50, 429)
(346, 47, 421)
(344, 46, 426)
(353, 51, 427)
(342, 45, 420)
(351, 53, 430)
(355, 50, 421)
(350, 51, 413)
(340, 47, 416)
(346, 46, 413)
(334, 45, 415)
(345, 48, 415)
(353, 45, 426)
(352, 47, 415)
(354, 44, 426)
(335, 52, 442)
(348, 44, 437)
(353, 49, 443)
(338, 43, 435)
(347, 49, 437)
(349, 48, 443)
(359, 53, 437)
(333, 49, 436)
(338, 43, 426)
(334, 42, 424)
(338, 44, 428)
(336, 45, 424)
(340, 46, 424)
(341, 41, 424)
(339, 47, 427)
(342, 46, 426)
(355, 44, 436)
(347, 47, 435)
(358, 42, 432)
(355, 45, 430)
(350, 51, 451)
(352, 43, 434)
(350, 42, 441)
(342, 42, 444)
(346, 44, 435)
(346, 42, 439)
(347, 52, 447)
(358, 43, 436)
(347, 44, 439)
(360, 49, 430)
(347, 50, 426)
(353, 47, 436)
(351, 43, 434)
(343, 49, 439)
(341, 42, 429)
(354, 48, 436)
(350, 50, 436)
(355, 50, 432)
(332, 44, 422)
(342, 39, 414)
(351, 46, 428)
(331, 45, 420)
(340, 44, 428)
(349, 46, 434)
(347, 46, 428)
(340, 47, 422)
(337, 47, 414)
(339, 41, 414)
(352, 48, 418)
(341, 47, 421)
(346, 48, 411)
(337, 44, 415)
(329, 44, 412)
(333, 46, 410)
(341, 49, 422)
(340, 45, 420)
(340, 47, 419)
(343, 53, 413)
(332, 42, 415)
(334, 44, 411)
(332, 43, 416)
(332, 48, 420)
(338, 47, 421)
(345, 50, 417)
(341, 47, 426)
(340, 46, 414)
(331, 44, 421)
(340, 46, 420)
(327, 44, 417)
(336, 46, 411)
(343, 52, 437)
(337, 49, 417)
(334, 43, 419)
(344, 47, 426)
(340, 48, 429)
(342, 47, 425)
(340, 45, 444)
(344, 51, 438)
(346, 55, 434)
(346, 47, 425)
(344, 50, 438)
(339, 46, 439)
(336, 44, 419)
(331, 43, 422)
(332, 46, 419)
(331, 45, 429)
(328, 45, 437)
(355, 45, 428)
(343, 50, 421)
(335, 41, 421)
(351, 49, 426)
(347, 50, 424)
(331, 45, 419)
(341, 43, 431)
(347, 53, 434)
(343, 45, 419)
(347, 44, 422)
(341, 48, 428)
(338, 45, 420)
(343, 50, 427)
(333, 45, 432)
(336, 48, 415)
(345, 49, 421)
(337, 44, 418)
(334, 45, 422)
(338, 45, 415)
(346, 47, 424)
(351, 52, 410)
(343, 49, 419)
(333, 49, 423)
(327, 48, 424)
(345, 51, 410)
(330, 49, 419)
(335, 48, 418)
(332, 40, 410)
(336, 44, 413)
(333, 49, 422)
(337, 46, 415)
(326, 44, 416)
(339, 53, 415)
(322, 50, 420)
(347, 51, 426)
(344, 47, 414)
(337, 46, 414)
(330, 42, 405)
(328, 43, 413)
(328, 43, 408)
(332, 40, 408)
(334, 47, 409)
(333, 47, 412)
(329, 42, 427)
(342, 51, 424)
(335, 44, 413)
(337, 52, 422)
(340, 47, 413)
(339, 47, 415)
(337, 49, 411)
(320, 45, 414)
(327, 49, 427)
(336, 50, 410)
(334, 51, 409)
(324, 47, 408)
(340, 48, 428)
(329, 52, 414)
(335, 43, 412)
(335, 49, 417)
(334, 44, 421)
(327, 49, 420)
(333, 50, 423)
(326, 46, 414)
(325, 44, 424)
(334, 52, 425)
(323, 45, 423)
(340, 48, 420)
(331, 46, 410)
(320, 53, 423)
(320, 45, 416)
(330, 55, 413)
(328, 43, 411)
(322, 49, 409)
(327, 48, 410)
(331, 49, 425)
(337, 46, 423)
(320, 48, 408)
(320, 49, 417)
(328, 49, 421)
(331, 51, 420)
(327, 49, 420)
(314, 55, 417)
(319, 47, 400)
(335, 47, 406)
(324, 51, 423)
(324, 46, 407)
(307, 39, 411)
(326, 46, 413)
(327, 47, 411)
(337, 48, 419)
(327, 51, 413)
(330, 50, 412)
(333, 52, 416)
(331, 49, 413)
(333, 52, 418)
(321, 51, 419)
(326, 45, 417)
(325, 46, 404)
(324, 47, 406)
(325, 47, 404)
(328, 52, 410)
(332, 52, 411)
(320, 46, 405)
(321, 45, 404)
(330, 49, 410)
(321, 48, 408)
(334, 52, 418)
(321, 48, 407)
(320, 48, 405)
(336, 55, 422)
(333, 48, 410)
(334, 54, 428)
(336, 50, 412)
(318, 49, 417)
(332, 49, 412)
(318, 47, 412)
(333, 48, 423)
(334, 51, 416)
(334, 47, 415)
(314, 52, 421)
(321, 52, 418)
(330, 50, 419)
(317, 54, 425)
(328, 54, 409)
(312, 45, 404)
(323, 47, 410)
(326, 52, 423)
(324, 55, 424)
(324, 52, 418)
(323, 48, 405)
(327, 52, 415)
(320, 48, 398)
(324, 54, 404)
(322, 52, 421)
(321, 44, 403)
(322, 53, 413)
(326, 55, 405)
(326, 52, 414)
(323, 55, 417)
(326, 58, 419)
(321, 52, 417)
(330, 53, 413)
(306, 46, 388)
(319, 51, 409)
(323, 53, 423)
(322, 50, 411)
(323, 52, 415)
(316, 48, 421)
(319, 47, 406)
(300, 47, 404)
(321, 53, 417)
(302, 49, 395)
(306, 47, 404)
(316, 52, 392)
(306, 45, 395)
(314, 47, 401)
(315, 45, 401)
(321, 46, 400)
(310, 47, 401)
(306, 53, 410)
(323, 45, 412)
(313, 53, 409)
(322, 48, 411)
(318, 52, 405)
(321, 52, 402)
(306, 41, 401)
(313, 52, 403)
(315, 47, 403)
(310, 52, 411)
(305, 46, 401)
(315, 50, 419)
(311, 43, 407)
(308, 45, 400)
(311, 45, 397)
(315, 47, 415)
(317, 54, 428)
(322, 48, 390)
(316, 49, 403)
(318, 50, 406)
(310, 41, 401)
(314, 45, 405)
(315, 50, 416)
(327, 53, 408)
(316, 47, 403)
(302, 43, 402)
(312, 47, 416)
(304, 45, 393)
(314, 48, 418)
(319, 48, 413)
(319, 53, 410)
(307, 39, 402)
(319, 53, 412)
(307, 42, 407)
(304, 50, 413)
(305, 49, 404)
(309, 45, 400)
(312, 45, 406)
(310, 43, 398)
(311, 47, 403)
(305, 46, 421)
(304, 46, 403)
(293, 45, 382)
(311, 47, 401)
(313, 49, 404)
(312, 45, 398)
(321, 49, 410)
(301, 44, 395)
(306, 46, 396)
(304, 45, 399)
(304, 46, 396)
(316, 48, 418)
(309, 52, 405)
(315, 48, 408)
(313, 52, 394)
(301, 53, 403)
(316, 51, 412)
(304, 43, 410)
(310, 50, 403)
(311, 52, 404)
(302, 47, 406)
(302, 51, 408)
(302, 48, 399)
(306, 46, 398)
(300, 44, 397)
(298, 48, 389)
(315, 48, 399)
(310, 50, 401)
(307, 52, 389)
(311, 45, 401)
(298, 44, 411)
(303, 46, 409)
(307, 51, 402)
(293, 46, 388)
(316, 45, 393)
(301, 48, 394)
(307, 54, 396)
(305, 48, 394)
(300, 49, 402)
(304, 49, 413)
(310, 47, 392)
(297, 46, 395)
(311, 53, 408)
(305, 49, 405)
(307, 57, 410)
(306, 48, 404)
(295, 53, 408)
(296, 46, 393)
(294, 49, 413)
(293, 49, 396)
(298, 46, 398)
(297, 47, 388)
(291, 44, 401)
(299, 53, 408)
(299, 50, 395)
(295, 49, 407)
(286, 47, 411)
(291, 49, 390)
(294, 47, 382)
(311, 50, 402)
(307, 50, 407)
(304, 49, 402)
(290, 46, 400)
(298, 53, 401)
(286, 47, 385)
(288, 46, 394)
(286, 44, 396)
(289, 44, 391)
(296, 50, 406)
(304, 52, 413)
(297, 54, 404)
(291, 50, 396)
(302, 53, 404)
(290, 49, 396)
(292, 44, 396)
(289, 41, 384)
(298, 54, 403)
(300, 52, 399)
(301, 53, 406)
(306, 49, 406)
(294, 48, 393)
(291, 49, 399)
(290, 46, 391)
(298, 45, 395)
(291, 53, 388)
(296, 54, 402)
(289, 41, 391)
(287, 48, 404)
(298, 45, 402)
(293, 45, 398)
(294, 51, 406)
(295, 49, 394)
(277, 49, 394)
(287, 47, 389)
(298, 52, 388)
(302, 54, 390)
(288, 52, 392)
(290, 44, 393)
(284, 48, 393)
(296, 52, 398)
(300, 50, 401)
(295, 51, 397)
(295, 52, 392)
(301, 52, 398)
(294, 54, 395)
(278, 45, 385)
(282, 43, 390)
(286, 50, 396)
(286, 49, 394)
(282, 55, 395)
(281, 48, 384)
(275, 45, 404)
(293, 53, 398)
(291, 55, 402)
(290, 52, 391)
(283, 45, 388)
(283, 55, 400)
(282, 53, 395)
(276, 47, 381)
(288, 46, 391)
(295, 55, 394)
(289, 53, 393)
(291, 45, 377)
(286, 47, 396)
(295, 53, 395)
(286, 53, 384)
(269, 53, 391)
(279, 58, 390)
(288, 51, 387)
(293, 53, 386)
(285, 40, 374)
(278, 47, 386)
(284, 46, 385)
(284, 46, 382)
(281, 47, 388)
(296, 51, 387)
(289, 44, 395)
(297, 56, 390)
(286, 52, 403)
(289, 49, 378)
(281, 46, 379)
(281, 43, 380)
(278, 47, 381)
(282, 47, 380)
(276, 49, 383)
(288, 58, 390)
(284, 45, 381)
(269, 49, 376)
(283, 53, 390)
(280, 50, 387)
(278, 51, 380)
(275, 48, 387)
(272, 40, 377)
(290, 57, 389)
(283, 52, 371)
(271, 54, 384)
(286, 54, 385)
(271, 48, 370)
(266, 46, 382)
(281, 51, 378)
(282, 57, 376)
(274, 48, 364)
(267, 53, 375)
(279, 52, 373)
(268, 52, 376)
(280, 50, 369)
(276, 48, 355)
(271, 46, 362)
(268, 47, 365)
(267, 47, 372)
(267, 47, 361)
(267, 46, 352)
(275, 53, 364)
(285, 52, 354)
(272, 51, 346)
(274, 50, 361)
(279, 51, 366)
(274, 55, 363)
(276, 50, 364)
(274, 48, 351)
(266, 46, 349)
(269, 52, 351)
(275, 49, 341)
(257, 40, 341)
(270, 49, 344)
(265, 48, 340)
(279, 49, 354)
(277, 48, 361)
(266, 45, 355)
(267, 48, 344)
(280, 53, 355)
(278, 51, 360)
(279, 52, 356)
(274, 51, 351)
(277, 53, 353)
(272, 52, 350)
(276, 51, 349)
(274, 47, 352)
(273, 46, 349)
(280, 54, 353)
(280, 48, 353)
(265, 51, 348)
(266, 49, 359)
(277, 51, 341)
(264, 49, 348)
(269, 49, 345)
(281, 47, 357)
(276, 55, 350)
(279, 54, 354)
(268, 42, 341)
(269, 47, 346)
(276, 54, 361)
(285, 53, 351)
(268, 47, 342)
(263, 53, 343)
(274, 53, 348)
(266, 46, 342)
(277, 53, 360)
(264, 51, 336)
(275, 53, 359)
(266, 48, 344)
(265, 52, 342)
(277, 52, 350)
(279, 51, 359)
(265, 54, 350)
(269, 55, 353)
(264, 46, 345)
(273, 51, 356)
(271, 49, 351)
(275, 55, 347)
(260, 48, 343)
(263, 47, 345)
(259, 43, 353)
(273, 49, 354)
(256, 48, 341)
(253, 49, 356)
(269, 54, 352)
(262, 53, 346)
(257, 51, 344)
(263, 48, 340)
(267, 53, 336)
(255, 46, 337)
(271, 53, 336)
(257, 51, 343)
(258, 48, 335)
(268, 53, 348)
(271, 50, 337)
(268, 53, 332)
(271, 51, 350)
(253, 44, 336)
(254, 50, 356)
(261, 47, 342)
(262, 54, 345)
(262, 52, 340)
(255, 47, 338)
(261, 51, 342)
(260, 52, 351)
(265, 54, 346)
(274, 48, 355)
(273, 48, 343)
(263, 48, 339)
(267, 53, 343)
(268, 52, 332)
(266, 51, 344)
(258, 47, 340)
(275, 59, 336)
(277, 52, 349)
(280, 56, 344)
(266, 53, 350)
(262, 47, 337)
(264, 52, 355)
(272, 50, 347)
(269, 47, 338)
(261, 46, 341)
(270, 55, 346)
(261, 46, 344)
(263, 47, 342)
(262, 48, 335)
(276, 46, 340)
(273, 53, 355)
(267, 54, 349)
(268, 48, 343)
(266, 48, 351)
(261, 47, 334)
(258, 52, 350)
(263, 42, 342)
(265, 46, 346)
(267, 47, 357)
(261, 51, 352)
(262, 46, 347)
(255, 54, 357)
(265, 50, 347)
(262, 51, 343)
(262, 50, 341)
(259, 44, 333)
(269, 50, 350)
(261, 49, 339)
(259, 48, 347)
(255, 47, 337)
(278, 51, 342)
(267, 52, 348)
(272, 49, 343)
(272, 50, 342)
(270, 55, 351)
(264, 51, 349)
(270, 51, 352)
(263, 52, 343)
(248, 49, 353)
(272, 54, 344)
(272, 51, 346)
(264, 47, 343)
(258, 46, 342)
(267, 46, 339)
(259, 46, 335)
(255, 46, 338)
(273, 45, 332)
(256, 50, 337)
(262, 49, 337)
(258, 50, 325)
(252, 47, 338)
(270, 51, 339)
(260, 49, 333)
(260, 46, 334)
(256, 47, 317)
(259, 45, 335)
(257, 45, 340)
(267, 54, 347)
(254, 46, 337)
(253, 49, 337)
(267, 53, 344)
(255, 47, 329)
(258, 46, 341)
(261, 47, 334)
(256, 46, 333)
(255, 52, 349)
(267, 47, 329)
(254, 46, 337)
(247, 48, 342)
(267, 53, 349)
(259, 47, 339)
(265, 55, 345)
(259, 51, 336)
(261, 50, 335)
(252, 47, 338)
(250, 53, 350)
(255, 56, 350)
(257, 48, 335)
(248, 46, 344)
(256, 48, 333)
(257, 48, 341)
(250, 45, 338)
(257, 45, 339)
(261, 52, 338)
(256, 50, 335)
(262, 48, 329)
(256, 49, 340)
(260, 51, 336)
(251, 51, 335)
(264, 52, 342)
(271, 55, 349)
(261, 48, 332)
(248, 43, 338)
(252, 46, 333)
(264, 49, 349)
(256, 51, 331)
(252, 53, 345)
(253, 46, 339)
(254, 45, 328)
(253, 47, 333)
(265, 49, 337)
(267, 52, 330)
(271, 49, 334)
(264, 55, 329)
(263, 53, 336)
(266, 53, 335)
(260, 52, 345)
(263, 51, 342)
(263, 51, 343)
(260, 51, 340)
(263, 50, 347)
(261, 56, 340)
(258, 48, 343)
(263, 51, 345)
(261, 43, 334)
(255, 49, 337)
(265, 54, 347)
(258, 52, 344)
(261, 52, 344)
(260, 50, 342)
(257, 47, 345)
(249, 49, 330)
(258, 49, 335)
(251, 51, 345)
(261, 52, 348)
(256, 54, 333)
(266, 55, 351)
(255, 55, 340)
(258, 43, 336)
(249, 48, 328)
(265, 54, 344)
(257, 51, 340)
(252, 54, 345)
(258, 46, 345)
(252, 55, 348)
(264, 51, 339)
(254, 51, 345)
(249, 49, 319)
(256, 49, 333)
(254, 42, 338)
(263, 52, 356)
(266, 53, 350)
(252, 48, 340)
(256, 45, 349)
(263, 55, 341)
(269, 52, 343)
(265, 55, 341)
(256, 45, 333)
(257, 51, 344)
(263, 47, 348)
(252, 47, 339)
(247, 52, 328)
(261, 49, 340)
(253, 48, 334)
(267, 56, 336)
(261, 53, 348)
(263, 52, 337)
(261, 50, 342)
(261, 55, 339)
(258, 48, 343)
(260, 52, 346)
(261, 52, 345)
(259, 50, 340)
(261, 47, 341)
(253, 50, 336)
(263, 51, 349)
(259, 49, 337)
(261, 54, 349)
(263, 51, 338)
(254, 46, 338)
(256, 48, 342)
(255, 53, 354)
(258, 51, 349)
(255, 51, 342)
(260, 51, 339)
(250, 51, 343)
(255, 53, 344)
(256, 48, 334)
(256, 54, 350)
(245, 49, 340)
(259, 49, 334)
(249, 51, 343)
(258, 48, 326)
(259, 56, 342)
(248, 53, 347)
(259, 53, 333)
(260, 54, 349)
(254, 48, 332)
(253, 51, 328)
(262, 53, 338)
(262, 55, 336)
(252, 52, 336)
(256, 54, 341)
(253, 50, 341)
(259, 51, 334)
(252, 50, 342)
(256, 50, 348)
(255, 47, 333)
(261, 52, 331)
(251, 48, 332)
(254, 46, 338)
(249, 48, 338)
(254, 46, 336)
(253, 43, 334)
(252, 52, 350)
(261, 52, 346)
(260, 55, 335)
(255, 52, 344)
(253, 46, 338)
(255, 42, 338)
(250, 47, 340)
(244, 48, 345)
(264, 52, 342)
(251, 51, 339)
(253, 48, 335)
(262, 51, 343)
(252, 49, 331)
(252, 52, 345)
(263, 53, 352)
(262, 46, 334)
(258, 53, 350)
(262, 55, 353)
(255, 52, 353)
(259, 56, 352)
(257, 52, 350)
(264, 51, 347)
(249, 51, 339)
(253, 51, 353)
(263, 49, 346)
(262, 48, 347)
(248, 49, 348)
(253, 46, 336)
(250, 48, 333)
(256, 56, 354)
(237, 50, 329)
(251, 51, 340)
(244, 53, 353)
(258, 52, 336)
(251, 53, 342)
(243, 51, 333)
(253, 55, 349)
(253, 52, 347)
(252, 51, 346)
(251, 48, 346)
(253, 48, 349)
(246, 51, 337)
(249, 48, 335)
(259, 48, 349)
(257, 58, 355)
(254, 54, 343)
(251, 55, 344)
(254, 53, 340)
(247, 49, 339)
(250, 49, 332)
(244, 50, 330)
(252, 54, 347)
(256, 53, 343)
(257, 53, 338)
(250, 51, 344)
(248, 49, 322)
(247, 53, 333)
(253, 58, 343)
(260, 47, 337)
(244, 46, 332)
(247, 47, 331)
(252, 53, 338)
(261, 52, 329)
(259, 55, 343)
(260, 54, 341)
(250, 45, 339)
(247, 48, 332)
(251, 50, 322)
(254, 45, 339)
(248, 49, 326)
(260, 54, 341)
(256, 53, 334)
(257, 54, 352)
(259, 44, 336)
(259, 50, 339)
(247, 49, 341)
(249, 49, 339)
(258, 53, 347)
(253, 53, 337)
(241, 50, 341)
(238, 44, 334)
(249, 46, 339)
(248, 44, 343)
(253, 48, 335)
(262, 57, 346)
(251, 53, 337)
(248, 49, 331)
(245, 52, 343)
(247, 49, 336)
(249, 51, 334)
(252, 54, 351)
(261, 48, 355)
(253, 46, 332)
(245, 47, 334)
(254, 50, 345)
(254, 57, 354)
(255, 50, 345)
(258, 53, 356)
(257, 49, 335)
(241, 49, 340)
(248, 47, 335)
(248, 48, 335)
(255, 53, 338)
(242, 48, 332)
(246, 54, 340)
(253, 46, 333)
(246, 48, 334)
(253, 49, 339)
(263, 55, 348)
(255, 51, 338)
(249, 53, 342)
(252, 51, 330)
(258, 57, 340)
(248, 45, 332)
(250, 51, 342)
(247, 53, 337)
(250, 43, 332)
(245, 45, 333)
(248, 51, 330)
(253, 51, 341)
(246, 49, 329)
(242, 52, 338)
(253, 51, 335)
(239, 52, 353)
(255, 49, 331)
(237, 49, 330)
(242, 46, 340)
(249, 51, 342)
(253, 47, 325)
(256, 53, 338)
(245, 48, 331)
(247, 49, 332)
(246, 48, 330)
(247, 53, 338)
(251, 51, 334)
(243, 50, 338)
(242, 44, 329)
(250, 54, 338)
(253, 48, 325)
(249, 49, 346)
(251, 53, 337)
(246, 48, 341)
(248, 54, 345)
(240, 56, 347)
(247, 56, 349)
(245, 55, 342)
(245, 49, 343)
(246, 54, 351)
(244, 52, 336)
(237, 49, 332)
(247, 54, 333)
(238, 48, 334)
(249, 50, 345)
(250, 54, 338)
(249, 51, 336)
(242, 51, 340)
(253, 50, 342)
(240, 48, 332)
(248, 53, 345)
(254, 50, 321)
(255, 49, 333)
(249, 44, 339)
(250, 51, 330)
(245, 53, 332)
(238, 53, 333)
(249, 46, 339)
(243, 48, 333)
(251, 54, 338)
(252, 53, 333)
(250, 47, 336)
(249, 57, 335)
(240, 45, 330)
(247, 52, 334)
(242, 46, 329)
(237, 47, 353)
(260, 54, 346)
(243, 47, 321)
(254, 55, 343)
(235, 46, 322)
(251, 56, 339)
(257, 53, 344)
(253, 54, 345)
(250, 52, 336)
(250, 53, 343)
(246, 49, 335)
(234, 51, 340)
(252, 47, 327)
(260, 55, 339)
(256, 53, 346)
(258, 49, 333)
(244, 49, 335)
(243, 49, 333)
(239, 44, 345)
(252, 52, 342)
(246, 54, 340)
(248, 47, 325)
(248, 49, 319)
(244, 49, 328)
(245, 54, 339)
(245, 55, 340)
(235, 45, 334)
(237, 55, 338)
(237, 51, 338)
(237, 48, 318)
(236, 56, 340)
(239, 52, 331)
(243, 53, 345)
(250, 51, 333)
(239, 50, 330)
(246, 55, 342)
(247, 55, 344)
(246, 54, 341)
(245, 56, 337)
(247, 51, 342)
(244, 53, 337)
(242, 53, 339)
(247, 54, 338)
(245, 52, 353)
(258, 57, 352)
(250, 57, 339)
(238, 53, 337)
(244, 51, 339)
(245, 48, 335)
(247, 53, 337)
(254, 56, 338)
(249, 57, 335)
(247, 54, 343)
(241, 49, 338)
(251, 47, 331)
(246, 47, 328)
(238, 49, 324)
(243, 54, 339)
(238, 51, 339)
(239, 51, 352)
(240, 49, 335)
(245, 57, 347)
(241, 55, 342)
(247, 53, 335)
(240, 51, 341)
(236, 55, 341)
(236, 47, 327)
(240, 57, 342)
(236, 49, 330)
(242, 56, 335)
(239, 51, 336)
(231, 50, 328)
(245, 54, 342)
(243, 55, 336)
(243, 48, 328)
(244, 54, 334)
(247, 56, 336)
(247, 57, 338)
(243, 55, 335)
(246, 54, 347)
(249, 52, 340)
(239, 45, 329)
(236, 49, 333)
(235, 49, 331)
(245, 54, 339)
(245, 51, 339)
(223, 50, 320)
(239, 49, 343)
(244, 58, 339)
(246, 55, 338)
(243, 54, 342)
(250, 54, 340)
(251, 51, 340)
(244, 51, 344)
(243, 49, 333)
(241, 49, 338)
(242, 55, 322)
(239, 51, 324)
(244, 49, 342)
(251, 51, 344)
(238, 57, 340)
(244, 48, 347)
(246, 53, 334)
(242, 52, 336)
(239, 50, 336)
(251, 53, 337)
(246, 52, 344)
(242, 52, 343)
(252, 54, 350)
(252, 53, 340)
(239, 49, 339)
(253, 53, 351)
(249, 50, 350)
(249, 57, 349)
(235, 50, 354)
(244, 47, 339)
(238, 54, 343)
(237, 50, 335)
(241, 46, 341)
(234, 48, 339)
(245, 51, 334)
(240, 50, 326)
(243, 49, 332)
(252, 46, 333)
(248, 52, 338)
(252, 57, 343)
(245, 52, 331)
(250, 59, 349)
(244, 55, 340)
(246, 52, 339)
(236, 48, 337)
(246, 52, 350)
(258, 56, 349)
(245, 51, 341)
(243, 46, 331)
(240, 53, 341)
(231, 49, 346)
(240, 50, 341)
(250, 50, 335)
(235, 50, 351)
(245, 55, 342)
(251, 49, 336)
(242, 49, 341)
(251, 51, 337)
(253, 47, 336)
(249, 47, 332)
(239, 50, 333)
(245, 52, 341)
(234, 50, 340)
(250, 55, 352)
(251, 51, 330)
(246, 51, 342)
(242, 51, 347)
(254, 56, 346)
(258, 52, 344)
(236, 49, 337)
(242, 51, 345)
(249, 51, 322)
(245, 48, 335)
(232, 42, 342)
(240, 49, 328)
(253, 43, 336)
(240, 48, 339)
(252, 53, 344)
(256, 53, 347)
(247, 52, 341)
(247, 50, 339)
(245, 54, 337)
(243, 45, 347)
(249, 55, 349)
(258, 52, 337)
(244, 47, 336)
(241, 49, 346)
(247, 49, 341)
(261, 60, 349)
(247, 50, 341)
(249, 53, 346)
(238, 54, 348)
(252, 52, 342)
(250, 52, 350)
(243, 54, 358)
(251, 51, 349)
(247, 54, 345)
(239, 48, 342)
(249, 47, 350)
(236, 45, 344)
(243, 49, 343)
(255, 53, 343)
(245, 45, 341)
(250, 49, 349)
(250, 51, 342)
(254, 50, 340)
(253, 49, 346)
(244, 43, 347)
(250, 52, 333)
(243, 46, 355)
(252, 54, 355)
(254, 54, 348)
(237, 48, 345)
(246, 49, 351)
(241, 49, 359)
(251, 48, 354)
(257, 54, 349)
(251, 53, 355)
(247, 48, 342)
(244, 46, 347)
(247, 47, 337)
(240, 50, 343)
(239, 51, 344)
(249, 48, 346)
(250, 49, 344)
(243, 48, 344)
(244, 45, 360)
(248, 53, 340)
(238, 48, 343)
(251, 52, 349)
(246, 46, 348)
(254, 54, 356)
(253, 51, 355)
(249, 53, 360)
(242, 50, 344)
(252, 50, 333)
(249, 55, 359)
(248, 48, 345)
(254, 51, 344)
(246, 49, 346)
(234, 48, 344)
(245, 47, 334)
(233, 44, 342)
(242, 49, 345)
(237, 47, 354)
(253, 50, 360)
(257, 53, 356)
(250, 54, 364)
(240, 50, 350)
(256, 57, 361)
(242, 50, 350)
(243, 47, 347)
(241, 50, 349)
(242, 43, 340)
(242, 55, 350)
(246, 48, 350)
(238, 47, 348)
(249, 57, 354)
(257, 49, 356)
(245, 48, 350)
(243, 54, 356)
(247, 53, 341)
(242, 48, 343)
(252, 53, 358)
(251, 57, 351)
(232, 50, 343)
(236, 50, 347)
(239, 52, 348)
(244, 55, 351)
(255, 50, 344)
(240, 48, 341)
(245, 51, 356)
(241, 42, 344)
(244, 53, 357)
(241, 46, 344)
(247, 52, 355)
(239, 50, 346)
(238, 49, 345)
(251, 54, 364)
(243, 58, 362)
(246, 49, 356)
(249, 50, 354)
(251, 53, 356)
(249, 49, 336)
(258, 54, 355)
(242, 52, 359)
(251, 53, 356)
(254, 51, 358)
(258, 53, 366)
(257, 54, 357)
(262, 55, 369)
(245, 47, 355)
(256, 52, 361)
(256, 49, 351)
(233, 46, 352)
(252, 52, 362)
(248, 47, 358)
(242, 48, 358)
(251, 49, 363)
(254, 55, 363)
(259, 47, 370)
(248, 52, 365)
(245, 48, 359)
(247, 46, 353)
(258, 53, 367)
(246, 46, 353)
(259, 49, 374)
(251, 48, 358)
(242, 54, 364)
(247, 54, 362)
(257, 53, 359)
(242, 47, 358)
(259, 52, 363)
(261, 52, 366)
(254, 51, 365)
(249, 57, 356)
(242, 52, 367)
(233, 49, 339)
(254, 53, 361)
(253, 51, 359)
(246, 50, 354)
(242, 41, 358)
(252, 57, 364)
(251, 51, 371)
(256, 56, 369)
(245, 59, 343)
(233, 46, 360)
(259, 51, 374)
(264, 54, 362)
(260, 51, 360)
(234, 41, 344)
(245, 49, 357)
(249, 49, 359)
(258, 51, 354)
(253, 50, 354)
(256, 57, 365)
(255, 47, 354)
(244, 41, 358)
(258, 48, 361)
(253, 47, 355)
(264, 51, 359)
(249, 50, 359)
(238, 49, 356)
(253, 45, 355)
(257, 52, 363)
(257, 47, 373)
(260, 53, 365)
(244, 46, 358)
(259, 53, 366)
(247, 48, 349)
(260, 52, 353)
(248, 48, 358)
(255, 52, 372)
(244, 54, 361)
(249, 47, 357)
(255, 53, 367)
(257, 48, 362)
(242, 49, 347)
(257, 50, 365)
(255, 54, 352)
(242, 47, 355)
(248, 57, 359)
(255, 55, 361)
(257, 51, 361)
(251, 49, 342)
(248, 51, 357)
(242, 45, 368)
(249, 52, 356)
(236, 57, 353)
(255, 47, 351)
(242, 51, 354)
(256, 58, 360)
(252, 51, 359)
(242, 45, 348)
(253, 51, 359)
(254, 54, 357)
(243, 50, 356)
(252, 54, 365)
(251, 54, 346)
(247, 51, 360)
(254, 50, 358)
(249, 52, 361)
(243, 48, 351)
(243, 49, 350)
(228, 50, 354)
(252, 55, 355)
(241, 47, 361)
(247, 54, 336)
(242, 48, 351)
(253, 53, 363)
(249, 50, 353)
(252, 53, 365)
(243, 48, 354)
(248, 53, 359)
(243, 48, 353)
(241, 48, 357)
(240, 49, 354)
(232, 45, 356)
(255, 55, 360)
(253, 51, 359)
(249, 50, 363)
(244, 47, 359)
(257, 55, 356)
(250, 50, 368)
(251, 56, 365)
(253, 58, 369)
(250, 49, 361)
(244, 50, 359)
(254, 57, 365)
(239, 49, 353)
(251, 50, 357)
(245, 43, 351)
(235, 39, 337)
(244, 49, 350)
(246, 49, 348)
(239, 47, 351)
(252, 53, 358)
(250, 49, 350)
(250, 49, 338)
(250, 50, 348)
(249, 51, 364)
(252, 51, 371)
(259, 53, 355)
(248, 50, 352)
(251, 54, 363)
(249, 52, 361)
(246, 54, 361)
(240, 49, 345)
(242, 49, 349)
(243, 54, 358)
(239, 46, 350)
(249, 48, 352)
(241, 48, 351)
(246, 45, 356)
(237, 47, 361)
(242, 50, 362)
(252, 51, 367)
(248, 54, 357)
(252, 53, 367)
(242, 47, 351)
(243, 48, 351)
(253, 50, 355)
(238, 50, 361)
(238, 51, 341)
(238, 52, 369)
(247, 51, 360)
(239, 52, 361)
(241, 52, 357)
(241, 45, 353)
(233, 53, 355)
(247, 53, 358)
(243, 43, 351)
(237, 52, 336)
(239, 43, 348)
(234, 48, 349)
(241, 48, 350)
(250, 53, 354)
(244, 57, 353)
(237, 45, 346)
(235, 50, 354)
(248, 54, 354)
(245, 51, 352)
(243, 55, 350)
(229, 48, 348)
(242, 51, 358)
(246, 55, 361)
(234, 49, 356)
(245, 58, 364)
(251, 50, 349)
(252, 52, 352)
(253, 51, 354)
(242, 54, 354)
(239, 47, 345)
(251, 52, 353)
(247, 56, 364)
(238, 50, 351)
(237, 50, 350)
(245, 45, 350)
(236, 47, 347)
(241, 48, 361)
(243, 50, 358)
(250, 53, 354)
(243, 49, 352)
(253, 55, 367)
(239, 46, 358)
(239, 47, 347)
(253, 52, 356)
(245, 50, 351)
(248, 43, 346)
(248, 50, 363)
(241, 54, 361)
(255, 50, 353)
(236, 46, 353)
(239, 51, 359)
(239, 55, 351)
(255, 53, 362)
(248, 54, 360)
(240, 51, 351)
(254, 54, 362)
(240, 50, 356)
(246, 48, 351)
(251, 50, 363)
(249, 52, 352)
(256, 55, 361)
(241, 54, 350)
(248, 54, 354)
(253, 50, 356)
(238, 45, 346)
(243, 45, 345)
(247, 51, 353)
(241, 48, 350)
(243, 49, 349)
(238, 46, 360)
(242, 55, 355)
(251, 51, 351)
(244, 47, 342)
(250, 53, 354)
(239, 43, 351)
(239, 48, 350)
(252, 51, 361)
(243, 44, 355)
(245, 46, 347)
(255, 46, 346)
(243, 48, 350)
(255, 55, 350)
(242, 48, 348)
(244, 50, 358)
(236, 56, 364)
(255, 52, 355)
(244, 52, 352)
(255, 46, 357)
(251, 55, 356)
(249, 53, 370)
(249, 48, 362)
(243, 52, 354)
(235, 49, 350)
(242, 51, 346)
(242, 51, 363)
(244, 49, 349)
(240, 48, 347)
(244, 52, 360)
(255, 55, 352)
(249, 46, 351)
(247, 47, 355)
(254, 52, 362)
(249, 49, 362)
(248, 46, 351)
(239, 47, 351)
(239, 50, 353)
(236, 49, 353)
(239, 58, 363)
(240, 50, 368)
(239, 49, 352)
(238, 49, 353)
(249, 58, 363)
(242, 49, 349)
(246, 50, 356)
(233, 49, 348)
(236, 47, 343)
(234, 47, 346)
(246, 46, 350)
(239, 48, 346)
(236, 45, 346)
(249, 53, 343)
(238, 47, 356)
(240, 52, 358)
(250, 49, 338)
(237, 52, 353)
(239, 49, 343)
(249, 40, 344)
(225, 45, 346)
(249, 52, 357)
(241, 47, 352)
(245, 49, 349)
(253, 54, 356)
(244, 46, 334)
(224, 45, 340)
(245, 53, 343)
(259, 47, 357)
(251, 50, 358)
(256, 54, 359)
(235, 49, 348)
(240, 49, 348)
(245, 51, 357)
(243, 48, 346)
(228, 48, 349)
(245, 46, 342)
(242, 55, 355)
(234, 53, 352)
(247, 57, 347)
(251, 55, 350)
(251, 49, 353)
(242, 48, 347)
(253, 58, 354)
(229, 51, 352)
(239, 48, 349)
(250, 52, 361)
(244, 50, 347)
(235, 50, 358)
(251, 54, 359)
(249, 53, 354)
(243, 45, 356)
(252, 53, 362)
(249, 52, 351)
(246, 53, 356)
(242, 50, 351)
(241, 48, 342)
(246, 51, 363)
(242, 51, 368)
(235, 52, 348)
(244, 45, 348)
(256, 54, 359)
(251, 54, 357)
(243, 56, 361)
(235, 55, 362)
(242, 51, 345)
(244, 50, 351)
(242, 54, 357)
(247, 51, 358)
(242, 51, 349)
(237, 54, 357)
(249, 55, 358)
(246, 54, 356)
(243, 52, 343)
(236, 53, 345)
(234, 50, 345)
(243, 55, 355)
(230, 51, 365)
(248, 53, 354)
(237, 47, 345)
(245, 53, 356)
(233, 49, 341)
(236, 47, 346)
(243, 47, 344)
(245, 52, 357)
(248, 45, 352)
(238, 46, 349)
(247, 50, 355)
(247, 48, 350)
(235, 47, 341)
(246, 50, 349)
(234, 53, 354)
(241, 47, 345)
(238, 51, 339)
(245, 50, 348)
(232, 48, 344)
(237, 54, 360)
(250, 52, 362)
(250, 52, 357)
(254, 55, 354)
(245, 52, 355)
(243, 51, 368)
(245, 53, 350)
(238, 49, 353)
(255, 56, 366)
(244, 52, 359)
(246, 49, 351)
(237, 48, 345)
(233, 49, 352)
(230, 47, 346)
(238, 54, 356)
(247, 48, 359)
(242, 50, 338)
(235, 47, 354)
(244, 53, 359)
(233, 50, 346)
(233, 52, 344)
(239, 48, 344)
(233, 47, 346)
(240, 56, 358)
(234, 46, 344)
(239, 49, 349)
(242, 48, 344)
(239, 56, 360)
(237, 48, 340)
(227, 52, 342)
(238, 46, 340)
(233, 48, 341)
(247, 49, 351)
(242, 53, 351)
(240, 54, 336)
(241, 55, 348)
(234, 45, 354)
(247, 52, 356)
(239, 47, 344)
(237, 51, 341)
(247, 57, 352)
(238, 49, 343)
(224, 43, 349)
(241, 46, 343)
(235, 46, 335)
(246, 46, 335)
(247, 52, 356)
(239, 40, 337)
(239, 51, 350)
(250, 56, 354)
(240, 50, 336)
(246, 52, 348)
(224, 53, 337)
(250, 51, 347)
(241, 46, 340)
(239, 47, 339)
(240, 49, 336)
(242, 52, 341)
(225, 45, 340)
(233, 51, 341)
(241, 50, 347)
(243, 53, 341)
(234, 46, 333)
(235, 45, 338)
(239, 46, 339)
(240, 41, 340)
(236, 44, 346)
(249, 50, 349)
(242, 49, 345)
(233, 50, 344)
(243, 52, 351)
(240, 48, 353)
(232, 45, 338)
(243, 55, 344)
(227, 48, 340)
(231, 51, 347)
(244, 49, 349)
(233, 43, 337)
(232, 46, 345)
(231, 53, 352)
(243, 52, 345)
(233, 46, 332)
(230, 47, 346)
(230, 46, 341)
(226, 46, 337)
(223, 46, 330)
(239, 53, 346)
(230, 53, 343)
(230, 44, 339)
(238, 52, 348)
(231, 48, 337)
(238, 46, 349)
(230, 47, 335)
(227, 45, 337)
(233, 51, 340)
(229, 44, 332)
(220, 39, 330)
(231, 52, 344)
(245, 53, 332)
(236, 53, 342)
(237, 51, 340)
(233, 48, 331)
(221, 49, 336)
(225, 48, 341)
(239, 48, 339)
(232, 50, 344)
(231, 50, 334)
(228, 49, 337)
(237, 50, 333)
(242, 49, 329)
(227, 53, 330)
(236, 47, 324)
(230, 45, 331)
(231, 48, 327)
(227, 46, 319)
(233, 48, 332)
(233, 45, 346)
(246, 53, 346)
(243, 50, 335)
(242, 48, 322)
(227, 46, 328)
(229, 45, 333)
(226, 45, 324)
(227, 50, 334)
(240, 47, 330)
(236, 43, 339)
(226, 50, 329)
(226, 52, 328)
(228, 45, 337)
(230, 52, 339)
(226, 51, 325)
(241, 49, 335)
(236, 49, 325)
(233, 49, 323)
(238, 54, 337)
(223, 45, 322)
(233, 46, 328)
(225, 45, 323)
(224, 47, 334)
(231, 47, 326)
(229, 45, 329)
(222, 49, 331)
(239, 45, 324)
(239, 46, 324)
(231, 48, 329)
(227, 48, 321)
(212, 46, 317)
(230, 42, 325)
(233, 50, 320)
(230, 49, 321)
(230, 45, 319)
(230, 52, 331)
(229, 51, 324)
(232, 50, 323)
(233, 49, 318)
(225, 43, 321)
(234, 51, 322)
(231, 51, 324)
(238, 47, 318)
(231, 52, 325)
(217, 43, 321)
(226, 51, 307)
(229, 49, 314)
(226, 46, 309)
(228, 40, 306)
(232, 47, 325)
(234, 48, 316)
(235, 48, 310)
(227, 50, 309)
(222, 39, 308)
(223, 46, 315)
(227, 45, 307)
(237, 44, 308)
(220, 46, 303)
(238, 53, 324)
(233, 48, 307)
(229, 46, 306)
(224, 45, 305)
(229, 48, 312)
(226, 45, 310)
(219, 46, 317)
(230, 47, 311)
(225, 48, 307)
(233, 48, 311)
(222, 43, 316)
(221, 46, 299)
(230, 50, 315)
(234, 48, 314)
(240, 46, 313)
(211, 41, 308)
(233, 48, 308)
(216, 43, 308)
(219, 45, 304)
(217, 42, 300)
(225, 50, 309)
(230, 45, 315)
(230, 48, 303)
(225, 44, 302)
(224, 48, 306)
(218, 44, 306)
(224, 47, 299)
(221, 45, 301)
(217, 45, 296)
(228, 49, 307)
(230, 52, 308)
(225, 50, 299)
(210, 47, 302)
(223, 45, 285)
(228, 46, 302)
(230, 50, 298)
(216, 42, 295)
(216, 44, 296)
(221, 50, 307)
(224, 46, 290)
(222, 51, 294)
(231, 53, 294)
(229, 48, 292)
(224, 42, 294)
(216, 38, 272)
(222, 46, 288)
(225, 47, 292)
(225, 50, 290)
(209, 44, 278)
(217, 51, 299)
(232, 48, 290)
(231, 49, 282)
(228, 47, 287)
(221, 42, 278)
(223, 50, 284)
(235, 49, 289)
(214, 43, 279)
(229, 46, 279)
(227, 44, 284)
(221, 41, 280)
(233, 46, 283)
(228, 47, 287)
(232, 45, 285)
(216, 48, 284)
(231, 38, 278)
(222, 43, 276)
(225, 44, 271)
(226, 47, 279)
(221, 47, 266)
(216, 44, 271)
(229, 47, 265)
(235, 46, 280)
(220, 47, 273)
(226, 48, 283)
(222, 44, 271)
(229, 48, 283)
(216, 44, 261)
(209, 42, 277)
(225, 46, 277)
(219, 48, 281)
(234, 49, 270)
(225, 47, 265)
(229, 48, 273)
(217, 47, 267)
(217, 48, 268)
(223, 49, 271)
(223, 42, 264)
(224, 52, 265)
(225, 51, 264)
(225, 51, 270)
(211, 43, 255)
(224, 46, 255)
(220, 42, 255)
(202, 36, 252)
(217, 44, 254)
(218, 43, 258)
(223, 42, 250)
(213, 42, 253)
(217, 48, 254)
(216, 44, 245)
(214, 40, 250)
(226, 49, 260)
(214, 42, 257)
(227, 52, 254)
(224, 45, 237)
(226, 48, 260)
(220, 44, 249)
(219, 42, 258)
(221, 46, 250)
(215, 40, 254)
(221, 48, 259)
(220, 50, 253)
(217, 43, 236)
(221, 50, 258)
(221, 46, 253)
(215, 48, 247)
(221, 43, 245)
(222, 44, 247)
(213, 47, 248)
(223, 46, 249)
(219, 44, 243)
(214, 45, 241)
(214, 44, 240)
(213, 44, 231)
(228, 47, 245)
(225, 47, 239)
(216, 45, 239)
(211, 48, 248)
(220, 49, 233)
(217, 47, 246)
(215, 45, 227)
(218, 46, 237)
(219, 47, 240)
(214, 47, 242)
(224, 43, 204)
(222, 45, 206)
(223, 48, 205)
(217, 42, 197)
(216, 47, 206)
(229, 46, 203)
(211, 42, 194)
(224, 46, 205)
(220, 40, 199)
(224, 49, 204)
(214, 41, 190)
(211, 42, 195)
(217, 42, 197)
(225, 46, 202)
(211, 36, 181)
(216, 40, 194)
(221, 44, 194)
(219, 44, 188)
(216, 42, 181)
(218, 46, 183)
(214, 38, 187)
(211, 42, 184)
(211, 42, 179)
(213, 38, 179)
(202, 39, 183)
(213, 39, 175)
(208, 37, 176)
(212, 39, 177)
(215, 42, 177)
(220, 42, 180)
(217, 42, 179)
(224, 44, 177)
(205, 37, 183)
(228, 43, 184)
(219, 41, 179)
(213, 41, 184)
(228, 44, 185)
(232, 40, 182)
(223, 42, 175)
(218, 45, 175)
(220, 35, 167)
(214, 39, 167)
(208, 38, 167)
(219, 42, 180)
(209, 45, 171)
(205, 39, 165)
(215, 37, 166)
(216, 37, 167)
(223, 46, 178)
(226, 42, 173)
(211, 43, 172)
(215, 41, 170)
(224, 43, 169)
(225, 39, 159)
(211, 37, 161)
(202, 35, 162)
(216, 36, 167)
(211, 37, 160)
(215, 36, 162)
(201, 40, 156)
(210, 37, 149)
(215, 38, 154)
(210, 36, 157)
(211, 37, 152)
(208, 33, 156)
(214, 42, 157)
(209, 37, 153)
(214, 36, 151)
(213, 39, 159)
(200, 40, 150)
(212, 40, 149)
(197, 38, 151)
(205, 36, 151)
(211, 38, 156)
(210, 36, 144)
(203, 41, 147)
(209, 40, 148)
(208, 40, 147)
(207, 38, 140)
(209, 32, 132)
(213, 38, 140)
(216, 39, 142)
(219, 36, 144)
(203, 43, 148)
(222, 42, 145)
(213, 41, 148)
(217, 40, 148)
(202, 35, 126)
(204, 33, 136)
(218, 38, 124)
(212, 43, 119)
(214, 39, 122)
(207, 40, 124)
(199, 31, 115)
(217, 36, 121)
(198, 40, 122)
(210, 33, 120)
(206, 35, 113)
(212, 41, 113)
(195, 35, 109)
(197, 37, 116)
(214, 42, 120)
(213, 40, 117)
(218, 39, 121)
(212, 38, 118)
(205, 40, 114)
(212, 39, 115)
(202, 34, 105)
(204, 35, 103)
(203, 34, 111)
(212, 38, 100)
(220, 38, 117)
(219, 35, 94)
(211, 41, 110)
(217, 37, 110)
(220, 40, 109)
(213, 40, 98)
(205, 36, 103)
(216, 36, 101)
(205, 30, 97)
(210, 36, 101)
(209, 35, 100)
(204, 43, 107)
(220, 35, 105)
(216, 34, 99)
(209, 34, 97)
(193, 36, 98)
(212, 38, 97)
(189, 33, 97)
(211, 41, 103)
(211, 38, 97)
(209, 32, 105)
(201, 35, 102)
(211, 39, 96)
(214, 37, 97)
(216, 37, 95)
(207, 36, 91)
(205, 33, 89)
(204, 35, 89)
(204, 37, 90)
(200, 35, 93)
(209, 34, 89)
(213, 37, 91)
(208, 37, 90)
(206, 37, 87)
(197, 37, 93)
(197, 33, 82)
(212, 40, 88)
(215, 38, 77)
(206, 42, 91)
(209, 36, 85)
(203, 38, 78)
(213, 38, 88)
(203, 33, 86)
(211, 40, 88)
(194, 32, 77)
(200, 32, 85)
(211, 36, 83)
(189, 33, 80)
(200, 32, 76)
(205, 36, 77)
(196, 33, 77)
(201, 42, 82)
(202, 38, 83)
(195, 37, 78)
(211, 31, 72)
(208, 38, 81)
(195, 33, 79)
(212, 37, 72)
(200, 34, 70)
(210, 43, 73)
(200, 36, 73)
(200, 34, 64)
(205, 39, 73)
(205, 32, 71)
(204, 37, 67)
(198, 32, 68)
(199, 33, 67)
(209, 36, 73)
(209, 40, 76)
(219, 37, 66)
(206, 35, 67)
(204, 34, 63)
(205, 34, 64)
(193, 36, 58)
(209, 35, 68)
(198, 31, 60)
(204, 34, 58)
(208, 39, 63)
(214, 37, 59)
(209, 35, 64)
(206, 33, 58)
(205, 36, 52)
(205, 34, 59)
(202, 34, 59)
(203, 32, 52)
(212, 39, 68)
(210, 36, 61)
(214, 33, 62)
(204, 33, 52)
(211, 37, 57)
(215, 37, 60)
(216, 34, 54)
(205, 32, 51)
(208, 34, 58)
(204, 35, 53)
(203, 34, 47)
(204, 36, 51)
(213, 36, 54)
(206, 34, 54)
(201, 36, 55)
(207, 32, 56)
(203, 34, 51)
(208, 36, 49)
(199, 36, 47)
(206, 36, 53)
(203, 35, 51)
(209, 41, 51)
(213, 35, 44)
(204, 34, 51)
(212, 35, 53)
(215, 38, 49)
(206, 34, 49)
(196, 32, 46)
(194, 29, 47)
(203, 35, 50)
(204, 36, 42)
(201, 34, 47)
(210, 37, 51)
(196, 34, 46)
(200, 31, 43)
(207, 40, 48)
(202, 37, 48)
(214, 32, 45)
(196, 32, 52)
(209, 38, 49)
(212, 30, 43)
(204, 25, 39)
(206, 34, 50)
(207, 36, 45)
(205, 33, 44)
(200, 27, 44)
(198, 32, 41)
(193, 32, 41)
(206, 37, 45)
(205, 34, 42)
(207, 37, 42)
(192, 33, 39)
(202, 35, 46)
(212, 38, 43)
(218, 40, 40)
(222, 33, 42)
(198, 31, 45)
(209, 32, 43)
(204, 31, 44)
(205, 34, 39)
(198, 34, 39)
(212, 41, 46)
(210, 36, 39)
(209, 32, 41)
(198, 32, 38)
(196, 34, 43)
(205, 39, 42)
(199, 33, 37)
(207, 34, 41)
(206, 40, 44)
(208, 35, 41)
(195, 37, 39)
(210, 36, 42)
(206, 34, 38)
(207, 40, 42)
(187, 34, 39)
(197, 28, 37)
(198, 32, 34)
(205, 37, 41)
(209, 33, 42)
(198, 29, 35)
(195, 36, 43)
(200, 38, 38)
(199, 38, 38)
(196, 30, 36)
(202, 38, 36)
(200, 34, 36)
(192, 29, 30)
(195, 39, 35)
(203, 39, 31)
(195, 35, 32)
(202, 37, 32)
(204, 33, 34)
(198, 31, 33)
(202, 37, 32)
(192, 31, 30)
(201, 32, 30)
(199, 38, 32)
(205, 37, 32)
(210, 39, 34)
(197, 36, 29)
(197, 34, 29)
(196, 32, 33)
(191, 33, 24)
(203, 38, 33)
(212, 40, 33)
(202, 38, 34)
(204, 37, 33)
(202, 38, 29)
(197, 35, 31)
(195, 33, 28)
(199, 30, 28)
(199, 37, 26)
(213, 36, 35)
(208, 37, 31)
(194, 35, 24)
(205, 34, 27)
(210, 37, 31)
(201, 35, 29)
(201, 30, 34)
(200, 39, 32)
(200, 35, 28)
(197, 38, 31)
(216, 37, 30)
(206, 37, 26)
(202, 35, 30)
(208, 41, 22)
(191, 32, 31)
(202, 36, 29)
(210, 41, 32)
(207, 39, 33)
(206, 36, 29)
(198, 41, 36)
(213, 37, 29)
(194, 33, 28)
(205, 35, 30)
(195, 30, 30)
(206, 40, 29)
(202, 34, 27)
(211, 39, 29)
(205, 37, 29)
(195, 36, 29)
(206, 40, 30)
(197, 39, 29)
(194, 37, 27)
(207, 41, 26)
(196, 40, 34)
(203, 42, 31)
(203, 41, 28)
(201, 41, 33)
(204, 37, 29)
(199, 38, 33)
(204, 36, 28)
(204, 39, 29)
(195, 33, 31)
(209, 34, 29)
(204, 40, 29)
(204, 37, 32)
(194, 34, 30)
(210, 40, 33)
(201, 43, 29)
(201, 38, 29)
(200, 37, 27)
(200, 36, 27)
(209, 40, 29)
(207, 40, 32)
(199, 34, 25)
(206, 41, 32)
(209, 37, 32)
(205, 38, 28)
(211, 38, 29)
(206, 42, 28)
(204, 42, 27)
(208, 41, 30)
(204, 38, 28)
(211, 42, 33)
(213, 41, 28)
(208, 41, 29)
(207, 40, 26)
(192, 33, 29)
(209, 39, 32)
(204, 36, 26)
(200, 40, 31)
(214, 41, 34)
(201, 35, 26)
(198, 37, 28)
(201, 38, 29)
(206, 37, 29)
(198, 39, 28)
(198, 34, 29)
(200, 39, 29)
(208, 37, 32)
(208, 41, 30)
(208, 42, 31)
(205, 35, 29)
(201, 33, 31)
(206, 34, 29)
(197, 36, 31)
(213, 42, 31)
(203, 37, 26)
(209, 39, 28)
(205, 37, 28)
(210, 45, 32)
(210, 38, 31)
(208, 39, 27)
(208, 39, 29)
(207, 39, 28)
(199, 38, 27)
(198, 37, 29)
(214, 41, 29)
(213, 44, 31)
(209, 40, 29)
(201, 37, 29)
(207, 43, 29)
(211, 42, 26)
(206, 36, 27)
(199, 37, 28)
(200, 41, 28)
(199, 35, 27)
(203, 39, 27)
(199, 36, 30)
(203, 38, 28)
(206, 41, 32)
(214, 39, 30)
(211, 42, 30)
(209, 43, 32)
(210, 43, 34)
(210, 42, 32)
(206, 39, 29)
(202, 38, 27)
(204, 38, 29)
(199, 38, 24)
(210, 41, 27)
(219, 45, 29)
(198, 42, 32)
(195, 37, 29)
(205, 41, 29)
(205, 41, 31)
(204, 40, 31)
(195, 46, 32)
(209, 42, 33)
(201, 44, 30)
(206, 42, 28)
(199, 39, 28)
(199, 35, 24)
(202, 40, 31)
(208, 45, 30)
(203, 40, 31)
(200, 40, 28)
(211, 37, 25)
(201, 40, 28)
(200, 43, 31)
(199, 48, 32)
(197, 42, 31)
(204, 42, 27)
(196, 47, 28)
(206, 45, 34)
(207, 46, 31)
(208, 44, 31)
(203, 42, 26)
(198, 46, 30)
(203, 44, 31)
(198, 44, 30)
(200, 41, 28)
(209, 46, 36)
(201, 43, 30)
(201, 44, 31)
(200, 47, 36)
(199, 39, 33)
(213, 45, 33)
(196, 43, 36)
(209, 48, 34)
(206, 51, 36)
(202, 44, 33)
(196, 42, 29)
(201, 45, 31)
(207, 50, 32)
(209, 48, 33)
(195, 48, 34)
(208, 46, 32)
(205, 45, 29)
(189, 47, 35)
(210, 53, 36)
(206, 49, 35)
(208, 52, 34)
(209, 55, 38)
(209, 52, 36)
(194, 48, 33)
(213, 52, 37)
(211, 53, 34)
(202, 51, 32)
(209, 54, 35)
(209, 47, 35)
(202, 53, 35)
(198, 51, 37)
(204, 50, 38)
(211, 58, 37)
(202, 49, 38)
(207, 51, 33)
(215, 58, 36)
(213, 52, 35)
(203, 50, 38)
(203, 57, 34)
(206, 50, 41)
(218, 60, 40)
(220, 56, 37)
(214, 57, 40)
(203, 56, 38)
(209, 62, 43)
(203, 62, 42)
(221, 63, 43)
(206, 68, 48)
(219, 61, 43)
(216, 65, 44)
(216, 64, 46)
(217, 60, 40)
(212, 70, 44)
(202, 65, 48)
(215, 72, 47)
(220, 68, 47)
(211, 66, 46)
(212, 62, 40)
(223, 71, 46)
(215, 72, 50)
(221, 71, 47)
(209, 62, 41)
(218, 73, 49)
(214, 71, 45)
(204, 65, 37)
(214, 65, 42)
(204, 66, 45)
(206, 65, 43)
(205, 69, 44)
(220, 76, 53)
(201, 68, 48)
(206, 83, 44)
(201, 81, 49)
(220, 71, 53)
(221, 73, 50)
(219, 74, 48)
(223, 73, 54)
(212, 74, 46)
(204, 75, 46)
(204, 80, 51)
(207, 69, 44)
(208, 71, 46)
(214, 81, 44)
(209, 76, 40)
(212, 78, 50)
(207, 76, 51)
(214, 75, 50)
(207, 73, 49)
(220, 83, 50)
(210, 80, 50)
(215, 80, 53)
(214, 78, 50)
(213, 84, 52)
(218, 79, 51)
(208, 77, 48)
(205, 77, 45)
(212, 84, 55)
(210, 74, 50)
(213, 88, 56)
(222, 91, 55)
(216, 88, 55)
(206, 82, 57)
(215, 94, 49)
(222, 93, 58)
(207, 88, 54)
(209, 93, 58)
(217, 91, 52)
(204, 97, 59)
(214, 93, 48)
(213, 90, 57)
(222, 88, 60)
(213, 93, 57)
(212, 98, 60)
(218, 98, 58)
(211, 96, 57)
(219, 137, 86)
(219, 127, 79)
(232, 140, 89)
(231, 122, 73)
(234, 142, 89)
(226, 132, 83)
(226, 132, 81)
(238, 139, 92)
(239, 145, 94)
(237, 136, 88)
(236, 145, 90)
(224, 136, 80)
(231, 145, 96)
(234, 140, 88)
(228, 132, 82)
(226, 138, 95)
(225, 147, 96)
(225, 142, 89)
(241, 150, 93)
(232, 146, 98)
(227, 147, 84)
(226, 140, 94)
(224, 150, 105)
(231, 147, 92)
(237, 146, 98)
(235, 144, 93)
(243, 143, 91)
(227, 148, 88)
(226, 144, 95)
(246, 156, 99)
(236, 153, 96)
(238, 157, 107)
(244, 159, 99)
(214, 148, 94)
(246, 161, 102)
(237, 156, 99)
(223, 155, 95)
(231, 154, 106)
(238, 158, 97)
(239, 168, 104)
(236, 155, 92)
(243, 155, 99)
(237, 168, 107)
(243, 164, 100)
(235, 170, 112)
(235, 168, 106)
(250, 170, 114)
(233, 164, 96)
(241, 167, 106)
(232, 168, 111)
(247, 175, 114)
(244, 182, 114)
(232, 165, 104)
(238, 164, 107)
(237, 172, 104)
(243, 173, 118)
(248, 173, 109)
(248, 177, 112)
(239, 174, 113)
(248, 175, 116)
(231, 175, 117)
(235, 186, 120)
(247, 189, 118)
(249, 185, 115)
(239, 188, 123)
(258, 189, 128)
(247, 189, 118)
(249, 201, 132)
(237, 192, 122)
(237, 186, 116)
(244, 201, 131)
(241, 192, 128)
(243, 194, 126)
(234, 195, 127)
(253, 196, 142)
(252, 203, 131)
(239, 195, 128)
(241, 211, 142)
(259, 209, 139)
(251, 208, 140)
(259, 217, 140)
(250, 201, 141)
(257, 218, 140)
(256, 216, 138)
(246, 214, 145)
(257, 213, 153)
(252, 213, 143)
(259, 215, 145)
(257, 218, 142)
(254, 218, 141)
(264, 224, 146)
(251, 213, 145)
(262, 232, 149)
(254, 217, 142)
(251, 216, 141)
(249, 223, 149)
(262, 231, 145)
(261, 232, 161)
(248, 233, 149)
(256, 225, 151)
(258, 232, 149)
(251, 241, 165)
(252, 230, 156)
(268, 234, 167)
(272, 239, 155)
(242, 226, 152)
(258, 240, 169)
(269, 245, 162)
(260, 238, 156)
(253, 238, 152)
(270, 241, 159)
(258, 243, 150)
(254, 239, 160)
(255, 249, 170)
(262, 251, 173)
(255, 241, 173)
(264, 250, 172)
(258, 247, 169)
(256, 245, 160)
(274, 258, 176)
(260, 248, 175)
(266, 234, 170)
(265, 249, 172)
(261, 254, 174)
(258, 249, 167)
(263, 254, 160)
(265, 259, 179)
(255, 251, 176)
(265, 267, 175)
(258, 252, 174)
(272, 271, 185)
(264, 260, 177)
(264, 268, 190)
(270, 272, 190)
(267, 264, 179)
(266, 263, 180)
(273, 262, 191)
(271, 272, 190)
(274, 282, 185)
(270, 275, 187)
(272, 275, 185)
(266, 284, 193)
(268, 290, 203)
(268, 286, 197)
(284, 294, 209)
(279, 300, 203)
(257, 290, 201)
(277, 292, 201)
(271, 303, 202)
(283, 298, 203)
(264, 292, 204)
(275, 310, 205)
(270, 292, 201)
(286, 300, 209)
(270, 298, 207)
(272, 305, 218)
(285, 308, 212)
(278, 309, 214)
(278, 307, 203)
(282, 317, 222)
(284, 302, 210)
(276, 311, 220)
(285, 316, 222)
(282, 317, 220)
(276, 316, 212)
(289, 306, 222)
(278, 315, 229)
(282, 327, 226)
(278, 323, 217)
(282, 325, 230)
(279, 316, 233)
(278, 322, 227)
(287, 310, 218)
(282, 331, 243)
(287, 333, 227)
(286, 326, 228)
(279, 329, 225)
(283, 331, 245)
(282, 326, 234)
(297, 341, 239)
(299, 342, 225)
(295, 342, 238)
(294, 335, 238)
(277, 333, 230)
(290, 335, 233)
(282, 325, 233)
(284, 330, 248)
(299, 353, 236)
(294, 341, 241)
(294, 346, 241)
(289, 343, 229)
(300, 357, 246)
(292, 347, 243)
(293, 351, 249)
(293, 360, 245)
(300, 357, 245)
(303, 364, 263)
(288, 363, 246)
(288, 355, 258)
(297, 379, 257)
(291, 363, 253)
(292, 367, 250)
(289, 349, 249)
(303, 377, 261)
(300, 373, 253)
(291, 361, 256)
(292, 373, 267)
(295, 379, 263)
(299, 375, 263)
(288, 364, 261)
(298, 371, 258)
(301, 381, 268)
(290, 371, 275)
(304, 389, 273)
(307, 378, 268)
(298, 369, 268)
(308, 390, 272)
(293, 376, 266)
(303, 390, 277)
(309, 387, 281)
(304, 381, 268)
(300, 380, 264)
(308, 390, 274)
(298, 386, 282)
(311, 396, 281)
(299, 375, 268)
(302, 388, 291)
(305, 400, 266)
(301, 387, 274)
(296, 385, 261)
(304, 387, 273)
(290, 382, 276)
(296, 401, 295)
(305, 388, 278)
(298, 395, 278)
(306, 405, 287)
(311, 394, 288)
(311, 388, 286)
(288, 391, 279)
(310, 395, 284)
(299, 388, 281)
(299, 400, 293)
(301, 400, 295)
(310, 403, 293)
(305, 387, 276)
(306, 403, 282)
(296, 413, 289)
(302, 400, 281)
(302, 398, 284)
(315, 410, 301)
(306, 410, 291)
(299, 411, 282)
(315, 408, 297)
(311, 401, 289)
(307, 400, 290)
(294, 389, 276)
(316, 417, 296)
(316, 421, 302)
(326, 440, 326)
(328, 454, 342)
(321, 451, 347)
(325, 461, 347)
(306, 450, 331)
(316, 461, 348)
(326, 454, 343)
(327, 455, 318)
(338, 448, 338)
(315, 449, 344)
(336, 460, 342)
(331, 467, 353)
(330, 445, 343)
(334, 458, 352)
(330, 465, 351)
(323, 465, 333)
(329, 457, 343)
(316, 451, 334)
(315, 471, 334)
(327, 468, 349)
(320, 459, 340)
(321, 454, 338)
(320, 446, 327)
(319, 458, 333)
(334, 468, 358)
(333, 465, 362)
(327, 455, 357)
(325, 454, 343)
(315, 456, 346)
(325, 463, 347)
(304, 456, 335)
(324, 453, 340)
(321, 460, 341)
(336, 470, 348)
(324, 469, 346)
(327, 466, 353)
(331, 467, 354)
(338, 468, 355)
(329, 463, 350)
(339, 474, 341)
(334, 460, 361)
(327, 466, 350)
(316, 461, 360)
(327, 465, 352)
(324, 474, 360)
(322, 473, 352)
(329, 465, 348)
(325, 467, 350)
(319, 463, 355)
(323, 479, 363)
(326, 469, 355)
(319, 463, 360)
(333, 474, 363)
(328, 449, 355)
(331, 474, 358)
(332, 480, 358)
(334, 483, 354)
(331, 466, 353)
(324, 477, 366)
(328, 456, 351)
(321, 470, 369)
(334, 472, 361)
(330, 480, 368)
(322, 471, 359)
(326, 470, 366)
(328, 484, 366)
(331, 479, 344)
(324, 453, 356)
(340, 484, 365)
(331, 476, 365)
(319, 471, 355)
(332, 474, 359)
(325, 474, 352)
(331, 479, 371)
(329, 474, 365)
(331, 477, 360)
(328, 478, 373)
(324, 467, 362)
(321, 485, 370)
(319, 453, 357)
(321, 464, 363)
(334, 482, 351)
(329, 471, 352)
(331, 484, 355)
(322, 478, 359)
(309, 470, 359)
(321, 461, 367)
(320, 467, 361)
(326, 463, 358)
(330, 474, 362)
(324, 474, 361)
(324, 461, 358)
(321, 476, 363)
(321, 484, 377)
(325, 477, 368)
(327, 477, 365)
(321, 494, 371)
(322, 474, 364)
(326, 485, 374)
(338, 477, 355)
(322, 476, 371)
(326, 483, 372)
(329, 487, 357)
(329, 478, 372)
(328, 481, 365)
(321, 475, 358)
(337, 485, 377)
(338, 477, 377)
(327, 479, 368)
(325, 477, 362)
(339, 482, 368)
(325, 475, 362)
(336, 490, 388)
(346, 482, 362)
(327, 481, 363)
(334, 490, 384)
(341, 475, 371)
(328, 488, 372)
(338, 485, 374)
(332, 481, 370)
(328, 464, 381)
(338, 495, 383)
(334, 494, 381)
(338, 496, 380)
(330, 487, 372)
(326, 488, 375)
(323, 483, 376)
(324, 486, 376)
(332, 489, 377)
(335, 486, 387)
(325, 483, 378)
(326, 480, 385)
(324, 484, 365)
(332, 484, 385)
(335, 499, 383)
(337, 493, 387)
(348, 491, 385)
(335, 494, 378)
(333, 495, 383)
(330, 486, 369)
(325, 481, 374)
(328, 488, 375)
(329, 480, 372)
(329, 483, 377)
(330, 492, 385)
(330, 486, 376)
(343, 493, 379)
(342, 493, 392)
(344, 496, 378)
(330, 486, 375)
(326, 490, 376)
(328, 481, 376)
(331, 483, 376)
(337, 482, 377)
(331, 490, 386)
(339, 494, 391)
(331, 476, 384)
(325, 481, 379)
(324, 493, 393)
(330, 483, 376)
(328, 480, 377)
(326, 489, 384)
(333, 494, 386)
(335, 490, 391)
(333, 478, 383)
(342, 497, 393)
(327, 480, 373)
(339, 490, 386)
(341, 495, 388)
(333, 487, 373)
(335, 494, 386)
(326, 493, 391)
(331, 492, 381)
(324, 494, 387)
(335, 483, 378)
(334, 490, 383)
(326, 488, 377)
(336, 494, 390)
(329, 481, 380)
(325, 489, 383)
(338, 489, 374)
(340, 493, 379)
(336, 490, 386)
(332, 490, 386)
(321, 484, 386)
(328, 490, 383)
(325, 485, 380)
(331, 485, 383)
(338, 498, 388)
(334, 484, 389)
(323, 483, 407)
(335, 493, 388)
(338, 493, 382)
(331, 483, 383)
(346, 502, 399)
(345, 493, 385)
(329, 487, 388)
(332, 490, 373)
(329, 500, 388)
(331, 487, 383)
(337, 485, 389)
(337, 496, 384)
(338, 493, 396)
(327, 489, 395)
(333, 492, 389)
(327, 480, 400)
(329, 492, 387)
(333, 482, 392)
(344, 491, 397)
(323, 492, 394)
(337, 498, 394)
(332, 496, 382)
(327, 489, 377)
(335, 490, 391)
(332, 493, 378)
(330, 488, 382)
(326, 474, 383)
(335, 482, 383)
(333, 489, 379)
(339, 504, 389)
(328, 492, 387)
(327, 487, 381)
(338, 501, 395)
(335, 497, 389)
(327, 488, 385)
(342, 503, 394)
(325, 485, 379)
(334, 478, 375)
(334, 497, 385)
(328, 484, 379)
(324, 470, 381)
(338, 488, 385)
(331, 489, 381)
(350, 497, 387)
(330, 490, 389)
(314, 485, 380)
(335, 501, 394)
(338, 494, 397)
(331, 473, 395)
(330, 495, 397)
(345, 493, 391)
(333, 475, 383)
(342, 491, 391)
(340, 495, 398)
(326, 486, 382)
(321, 491, 384)
(334, 494, 389)
(340, 487, 403)
(334, 483, 390)
(332, 487, 394)
(341, 497, 396)
(338, 492, 388)
(336, 484, 376)
(327, 485, 383)
(327, 488, 386)
(333, 482, 384)
(334, 484, 387)
(324, 494, 393)
(329, 489, 393)
(334, 489, 388)
(328, 490, 386)
(336, 490, 387)
(346, 498, 399)
(336, 484, 397)
(336, 482, 388)
(325, 494, 374)
(341, 491, 396)
(327, 483, 378)
(340, 495, 392)
(332, 488, 383)
(341, 496, 399)
(344, 495, 388)
(331, 485, 389)
(338, 504, 393)
(332, 485, 398)
(340, 498, 390)
(326, 497, 400)
(328, 482, 368)
(331, 490, 398)
(336, 494, 391)
(344, 490, 392)
(331, 493, 388)
(339, 507, 398)
(338, 496, 394)
(336, 491, 383)
(342, 497, 399)
(333, 486, 382)
(326, 480, 382)
(336, 482, 375)
(334, 492, 390)
(342, 507, 396)
(329, 487, 383)
(339, 489, 389)
(326, 483, 383)
(336, 508, 392)
(338, 497, 397)
(334, 488, 387)
(343, 487, 403)
(330, 480, 375)
(325, 483, 380)
(341, 499, 385)
(325, 488, 386)
(328, 487, 381)
(332, 490, 390)
(334, 490, 384)
(328, 491, 392)
(334, 488, 381)
(339, 496, 385)
(328, 485, 383)
(331, 482, 389)
(346, 508, 391)
(333, 486, 389)
(336, 488, 383)
(342, 501, 391)
(317, 488, 384)
(332, 487, 386)
(329, 489, 388)
(338, 497, 390)
(316, 493, 389)
(338, 496, 392)
(334, 480, 383)
(343, 493, 386)
(332, 481, 382)
(334, 497, 399)
(340, 494, 388)
(335, 495, 381)
(330, 481, 383)
(338, 503, 392)
(336, 484, 394)
(329, 484, 377)
(334, 499, 404)
(340, 500, 388)
(338, 495, 387)
(340, 488, 385)
(341, 485, 382)
(333, 483, 381)
(330, 485, 385)
(329, 483, 381)
(335, 479, 369)
(337, 502, 390)
(333, 493, 393)
(330, 489, 382)
(333, 489, 393)
(328, 491, 381)
(337, 493, 389)
(326, 482, 381)
(333, 483, 380)
(323, 484, 385)
(342, 490, 387)
(337, 495, 396)
(337, 491, 391)
(340, 479, 379)
(341, 474, 397)
(346, 492, 388)
(340, 496, 381)
(330, 499, 389)
(332, 494, 385)
(332, 495, 390)
(333, 493, 391)
(338, 487, 394)
(341, 500, 375)
(331, 495, 385)
(344, 480, 395)
(327, 490, 396)
(320, 502, 393)
(348, 500, 395)
(335, 497, 394)
(330, 489, 398)
(344, 493, 386)
(329, 486, 386)
(341, 489, 382)
(342, 501, 398)
(329, 496, 392)
(343, 482, 386)
(347, 496, 395)
(344, 501, 389)
(329, 489, 387)
(337, 500, 394)
(345, 501, 393)
(334, 484, 387)
(335, 493, 391)
(342, 484, 393)
(346, 501, 390)
(335, 499, 394)
(334, 496, 393)
(333, 476, 381)
(328, 480, 380)
(339, 501, 397)
(335, 493, 390)
(335, 487, 383)
(338, 493, 391)
(335, 485, 382)
(335, 497, 382)
(334, 475, 381)
(328, 488, 388)
(327, 486, 381)
(318, 470, 380)
(331, 491, 381)
(334, 497, 376)
(339, 499, 385)
(324, 490, 380)
(336, 487, 387)
(333, 496, 394)
(343, 499, 393)
(339, 491, 388)
(344, 487, 394)
(340, 481, 391)
(331, 497, 387)
(334, 493, 386)
(337, 488, 386)
(330, 485, 390)
(342, 494, 387)
(324, 480, 384)
(326, 484, 380)
(331, 486, 385)
(333, 498, 378)
(331, 481, 385)
(328, 491, 389)
(325, 479, 389)
(350, 497, 384)
(327, 484, 381)
(329, 483, 378)
(342, 492, 399)
(327, 470, 376)
(332, 484, 382)
(326, 479, 387)
(344, 501, 393)
(326, 481, 381)
(340, 503, 384)
(329, 481, 387)
(326, 496, 397)
(335, 503, 402)
(328, 485, 383)
(328, 495, 391)
(322, 496, 389)
(345, 499, 389)
(343, 494, 395)
(327, 486, 385)
(331, 478, 383)
(332, 493, 371)
(337, 502, 395)
(329, 485, 383)
(314, 491, 391)
(337, 489, 386)
(331, 484, 382)
(339, 493, 387)
(330, 478, 384)
(335, 480, 384)
(330, 492, 372)
(336, 478, 383)
(322, 494, 394)
(326, 478, 381)
(333, 493, 383)
(339, 492, 395)
(341, 495, 394)
(325, 482, 375)
(338, 496, 393)
(333, 479, 391)
(312, 493, 379)
(310, 478, 380)
(335, 488, 384)
(325, 481, 380)
(327, 486, 380)
(329, 482, 382)
(332, 480, 378)
(330, 487, 386)
(330, 492, 387)
(339, 496, 396)
(335, 485, 385)
(325, 479, 381)
(323, 478, 376)
(332, 498, 392)
(332, 490, 382)
(335, 491, 388)
(336, 502, 395)
(324, 481, 384)
(341, 496, 387)
(333, 491, 386)
(334, 481, 380)
(340, 502, 387)
(341, 494, 386)
(329, 483, 385)
(340, 495, 383)
(329, 484, 377)
(341, 492, 396)
(332, 493, 387)
(327, 478, 383)
(335, 490, 369)
(336, 486, 382)
(333, 492, 376)
(338, 488, 389)
(327, 484, 378)
(333, 486, 369)
(320, 475, 390)
(321, 506, 388)
(334, 485, 387)
(332, 480, 382)
(315, 480, 377)
(335, 503, 393)
(337, 496, 388)
(333, 487, 382)
(343, 499, 385)
(326, 486, 384)
(326, 481, 389)
(334, 495, 386)
(338, 488, 387)
(339, 498, 401)
(326, 491, 385)
(335, 485, 385)
(331, 494, 387)
(332, 466, 386)
(330, 487, 378)
(321, 474, 388)
(342, 488, 384)
(324, 484, 377)
(326, 481, 376)
(319, 491, 390)
(331, 484, 383)
(326, 480, 375)
(317, 490, 386)
(336, 491, 390)
(327, 486, 384)
(323, 480, 375)
(331, 490, 384)
(339, 482, 384)
(332, 485, 379)
(334, 495, 388)
(329, 477, 374)
(335, 492, 378)
(331, 492, 384)
(337, 491, 380)
(328, 485, 388)
(329, 481, 378)
(330, 487, 383)
(336, 493, 384)
(333, 491, 384)
(332, 487, 385)
(335, 488, 381)
(336, 494, 380)
(331, 491, 395)
(333, 483, 387)
(338, 490, 387)
(323, 476, 379)
(320, 484, 375)
(340, 491, 383)
(344, 496, 393)
(344, 490, 383)
(322, 477, 384)
(332, 486, 377)
(329, 493, 394)
(343, 496, 390)
(331, 484, 381)
(324, 492, 388)
(342, 484, 386)
(327, 484, 385)
(332, 485, 383)
(333, 488, 381)
(330, 479, 376)
(339, 493, 382)
(339, 500, 392)
(315, 496, 397)
(323, 487, 386)
(336, 489, 394)
(335, 488, 380)
(336, 487, 383)
(326, 486, 386)
(334, 487, 385)
(331, 486, 381)
(341, 484, 388)
(329, 485, 382)
(329, 484, 380)
(327, 486, 380)
(324, 485, 382)
(342, 493, 391)
(335, 484, 383)
(328, 499, 395)
(345, 494, 386)
(338, 497, 389)
(346, 493, 396)
(341, 497, 390)
(333, 486, 381)
(324, 484, 377)
(326, 481, 383)
(323, 481, 383)
(326, 480, 383)
(338, 494, 393)
(323, 498, 385)
(331, 482, 375)
(334, 487, 374)
(333, 492, 394)
(346, 485, 384)
(322, 484, 379)
(335, 494, 389)
(333, 490, 386)
(344, 498, 398)
(326, 491, 390)
(329, 492, 381)
(339, 479, 369)
(326, 482, 376)
(326, 482, 380)
(319, 485, 378)
(334, 493, 386)
(335, 492, 386)
(324, 472, 383)
(325, 481, 391)
(334, 503, 383)
(343, 497, 376)
(334, 496, 389)
(332, 485, 381)
(323, 484, 379)
(334, 484, 380)
(325, 477, 374)
(336, 486, 372)
(325, 484, 378)
(346, 498, 385)
(336, 492, 396)
(336, 489, 387)
(329, 483, 371)
(326, 480, 364)
(322, 492, 384)
(329, 494, 391)
(331, 489, 387)
(336, 492, 375)
(332, 489, 376)
(325, 476, 374)
(336, 490, 389)
(331, 483, 378)
(322, 480, 386)
(334, 496, 381)
(339, 485, 375)
(319, 482, 389)
(322, 480, 375)
(325, 480, 371)
(339, 491, 381)
(320, 488, 381)
(336, 485, 385)
(325, 486, 382)
(317, 483, 363)
(314, 481, 373)
(324, 485, 371)
(329, 481, 375)
(330, 490, 381)
(327, 476, 374)
(323, 479, 378)
(330, 491, 386)
(334, 488, 381)
(338, 505, 391)
(336, 497, 377)
(331, 485, 376)
(327, 484, 376)
(327, 474, 382)
(335, 487, 376)
(320, 486, 375)
(329, 492, 398)
(325, 491, 389)
(327, 480, 382)
(336, 489, 386)
(331, 486, 376)
(329, 482, 375)
(334, 486, 371)
(325, 498, 389)
(333, 490, 389)
(319, 484, 371)
(341, 490, 381)
(329, 484, 377)
(336, 495, 376)
(338, 497, 373)
(325, 493, 373)
(334, 485, 381)
(331, 486, 378)
(324, 486, 380)
(315, 485, 381)
(340, 497, 386)
(335, 477, 387)
(328, 491, 379)
(333, 492, 382)
(310, 479, 380)
(322, 482, 387)
(324, 499, 380)
(339, 503, 373)
(333, 500, 377)
(329, 479, 376)
(321, 493, 391)
(332, 496, 394)
(330, 473, 380)
(342, 497, 381)
(336, 490, 383)
(335, 499, 385)
(316, 491, 369)
(325, 485, 378)
(309, 493, 374)
(327, 492, 386)
(329, 486, 386)
(335, 494, 382)
(334, 496, 376)
(321, 486, 387)
(330, 494, 388)
(336, 490, 381)
(333, 495, 383)
(313, 482, 375)
(323, 479, 368)
(331, 493, 383)
(334, 493, 380)
(314, 486, 382)
(332, 492, 382)
(324, 483, 378)
(317, 478, 371)
(331, 495, 393)
(322, 480, 367)
(332, 493, 384)
(316, 479, 382)
(332, 489, 381)
(320, 494, 393)
(326, 487, 382)
(324, 484, 367)
(332, 484, 383)
(335, 495, 364)
(319, 479, 374)
(326, 475, 379)
(325, 495, 376)
(322, 476, 376)
(325, 486, 377)
(327, 487, 372)
(316, 478, 379)
(323, 496, 376)
(326, 480, 384)
(333, 489, 387)
(324, 486, 379)
(323, 479, 374)
(316, 489, 389)
(334, 489, 378)
(331, 480, 379)
(325, 481, 379)
(333, 491, 370)
(327, 493, 382)
(330, 484, 380)
(323, 477, 369)
(327, 481, 369)
(322, 478, 377)
(322, 476, 377)
(318, 473, 368)
(323, 481, 367)
(329, 489, 378)
(338, 490, 378)
(331, 487, 376)
(333, 483, 374)
(321, 477, 377)
(323, 480, 367)
(332, 486, 382)
(328, 486, 378)
(325, 483, 372)
(331, 483, 373)
(328, 470, 376)
(327, 479, 376)
(328, 494, 386)
(338, 495, 381)
(335, 474, 382)
(327, 487, 396)
(332, 488, 386)
(332, 489, 384)
(332, 490, 370)
(322, 480, 374)
(315, 465, 356)
(328, 482, 373)
(336, 485, 378)
(334, 493, 388)
(331, 495, 386)
(326, 490, 379)
(328, 478, 367)
(329, 484, 372)
(350, 490, 372)
(333, 502, 375)
(326, 474, 377)
(330, 482, 373)
(318, 483, 377)
(318, 477, 376)
(325, 489, 383)
(328, 491, 379)
(335, 495, 386)
(336, 493, 397)
(333, 492, 379)
(329, 487, 380)
(330, 478, 377)
(342, 489, 375)
(322, 481, 389)
(338, 499, 379)
(324, 500, 386)
(328, 484, 372)
(327, 482, 367)
(331, 490, 385)
(320, 496, 374)
(331, 486, 350)
(322, 481, 371)
(324, 484, 373)
(329, 486, 370)
(333, 482, 378)
(319, 493, 371)
(332, 485, 369)
(327, 489, 370)
(314, 479, 373)
(323, 489, 379)
(329, 485, 376)
(328, 488, 376)
(330, 483, 366)
(323, 480, 364)
(323, 478, 362)
(330, 494, 376)
(325, 480, 370)
(325, 482, 371)
(336, 494, 366)
(329, 472, 380)
(325, 490, 385)
(332, 495, 382)
(320, 476, 355)
(326, 482, 372)
(331, 484, 377)
(326, 478, 365)
(323, 476, 378)
(323, 483, 370)
(324, 467, 380)
(326, 490, 383)
(327, 485, 370)
(325, 486, 372)
(326, 493, 378)
(321, 479, 358)
(308, 482, 371)
(327, 488, 375)
(332, 492, 379)
(321, 461, 364)
(322, 479, 367)
(324, 482, 360)
(327, 490, 373)
(323, 486, 374)
(336, 494, 379)
(317, 486, 370)
(339, 495, 381)
(332, 489, 381)
(328, 482, 380)
(323, 476, 368)
(322, 475, 370)
(323, 490, 384)
(337, 493, 377)
(332, 478, 372)
(333, 480, 373)
(329, 484, 373)
(326, 479, 370)
(321, 472, 368)
(330, 489, 375)
(317, 480, 374)
(321, 487, 363)
(326, 492, 381)
(331, 491, 378)
(317, 494, 362)
(321, 479, 368)
(332, 498, 375)
(322, 488, 377)
(324, 484, 364)
(323, 478, 362)
(321, 478, 369)
(323, 483, 370)
(329, 474, 369)
(334, 489, 367)
(327, 488, 381)
(333, 489, 383)
(314, 477, 368)
(329, 497, 368)
(324, 479, 372)
(323, 490, 374)
(332, 485, 374)
(322, 496, 375)
(322, 479, 375)
(322, 479, 367)
(329, 491, 371)
(332, 497, 376)
(337, 490, 380)
(323, 474, 365)
(325, 489, 364)
(316, 482, 366)
(328, 485, 386)
(328, 491, 379)
(326, 482, 369)
(327, 489, 361)
(324, 485, 358)
(323, 477, 362)
(328, 486, 375)
(329, 492, 378)
(312, 485, 365)
(323, 490, 384)
(329, 494, 375)
(331, 489, 375)
(327, 491, 377)
(321, 486, 371)
(326, 498, 380)
(329, 485, 363)
(321, 476, 363)
(325, 476, 368)
(333, 479, 369)
(321, 477, 367)
(329, 488, 376)
(333, 495, 376)
(315, 487, 364)
(326, 484, 372)
(330, 477, 380)
(327, 483, 379)
(339, 488, 382)
(329, 482, 377)
(321, 473, 368)
(330, 486, 371)
(332, 479, 373)
(320, 477, 366)
(322, 473, 367)
(318, 471, 368)
(323, 478, 365)
(330, 485, 383)
(331, 478, 371)
(319, 476, 363)
(323, 480, 368)
(307, 478, 372)
(314, 476, 370)
(324, 487, 379)
(331, 489, 377)
(326, 469, 366)
(320, 487, 380)
(322, 476, 368)
(330, 483, 371)
(312, 489, 371)
(330, 489, 360)
(329, 492, 376)
(333, 483, 380)
(329, 481, 367)
(320, 479, 365)
(332, 487, 377)
(333, 482, 373)
(330, 485, 381)
(321, 479, 364)
(307, 492, 377)
(330, 483, 369)
(324, 473, 355)
(319, 482, 380)
(322, 480, 366)
(321, 491, 385)
(334, 494, 375)
(320, 484, 370)
(331, 492, 376)
(342, 484, 367)
(326, 481, 367)
(327, 482, 377)
(332, 481, 366)
(332, 489, 376)
(324, 489, 372)
(322, 488, 385)
(333, 493, 377)
(330, 493, 381)
(326, 481, 388)
(328, 489, 372)
(329, 493, 367)
(334, 497, 376)
(338, 484, 374)
(325, 492, 380)
(322, 478, 377)
(325, 483, 373)
(322, 486, 381)
(322, 473, 366)
(326, 469, 369)
(324, 477, 369)
(327, 486, 374)
(325, 489, 377)
(320, 480, 369)
(324, 474, 363)
(323, 488, 355)
(321, 485, 367)
(318, 489, 380)
(331, 492, 375)
(331, 482, 368)
(326, 481, 378)
(334, 484, 377)
(327, 488, 373)
(335, 488, 377)
(333, 489, 376)
(322, 478, 377)
(334, 488, 382)
(338, 488, 367)
(330, 486, 345)
(328, 488, 361)
(326, 480, 370)
(332, 493, 384)
(327, 477, 375)
(345, 485, 382)
(321, 484, 375)
(330, 486, 367)
(320, 474, 363)
(322, 476, 371)
(336, 479, 384)
(328, 486, 371)
(332, 483, 367)
(314, 484, 374)
(315, 483, 364)
(331, 480, 367)
(331, 488, 374)
(317, 480, 367)
(335, 484, 364)
(321, 478, 370)
(336, 482, 370)
(326, 484, 377)
(325, 479, 360)
(326, 495, 371)
(322, 471, 375)
(342, 489, 382)
(320, 478, 367)
(333, 491, 368)
(335, 483, 379)
(319, 488, 374)
(330, 482, 368)
(311, 478, 372)
(322, 484, 362)
(326, 480, 357)
(316, 487, 368)
(319, 480, 362)
(335, 487, 368)
(330, 481, 369)
(322, 481, 375)
(320, 473, 381)
(325, 486, 369)
(325, 494, 384)
(326, 478, 365)
(319, 479, 368)
(324, 473, 380)
(326, 478, 366)
(315, 476, 348)
(326, 489, 377)
(336, 475, 360)
(320, 485, 380)
(336, 492, 378)
(326, 480, 368)
(321, 488, 384)
(325, 483, 365)
(334, 491, 374)
(320, 480, 370)
(324, 483, 371)
(329, 488, 369)
(329, 479, 365)
(310, 482, 379)
(327, 488, 370)
(334, 485, 376)
(336, 490, 368)
(326, 478, 364)
(328, 490, 369)
(317, 476, 366)
(322, 496, 382)
(328, 499, 383)
(328, 478, 375)
(333, 491, 382)
(337, 487, 364)
(321, 484, 369)
(317, 484, 360)
(328, 480, 353)
(324, 473, 365)
(318, 472, 366)
(331, 489, 376)
(319, 494, 375)
(321, 483, 367)
(323, 481, 353)
(309, 479, 363)
(319, 476, 372)
(318, 481, 366)
(327, 484, 377)
(320, 476, 365)
(321, 476, 366)
(323, 492, 378)
(337, 481, 367)
(329, 486, 366)
(326, 486, 378)
(324, 481, 354)
(316, 467, 382)
(327, 487, 380)
(314, 469, 360)
(331, 485, 374)
(328, 478, 367)
(313, 483, 365)
(314, 477, 369)
(333, 486, 382)
(307, 476, 360)
(325, 492, 373)
(315, 486, 375)
(317, 466, 365)
(312, 474, 363)
(330, 476, 357)
(320, 476, 362)
(327, 485, 375)
(327, 482, 373)
(320, 474, 368)
(325, 483, 369)
(324, 483, 366)
(326, 477, 360)
(333, 483, 375)
(332, 490, 367)
(323, 484, 369)
(333, 489, 368)
(329, 485, 370)
(321, 484, 373)
(323, 484, 373)
(320, 476, 372)
(319, 476, 363)
(322, 481, 360)
(316, 478, 362)
(310, 473, 368)
(313, 484, 372)
(319, 484, 370)
(326, 479, 373)
(328, 489, 376)
(310, 476, 377)
(333, 477, 363)
(314, 471, 356)
(325, 485, 367)
(328, 474, 354)
(318, 472, 365)
(322, 481, 374)
(325, 474, 368)
(322, 477, 373)
(322, 472, 364)
(321, 478, 354)
(320, 494, 370)
(325, 473, 367)
(322, 471, 368)
(326, 489, 372)
(315, 472, 362)
(322, 476, 364)
(329, 481, 364)
(316, 475, 364)
(317, 481, 364)
(318, 485, 374)
(327, 462, 369)
(330, 498, 362)
(327, 484, 373)
(334, 483, 367)
(326, 485, 371)
(316, 474, 369)
(320, 477, 362)
(319, 478, 364)
(320, 468, 353)
(330, 479, 353)
(294, 473, 361)
(336, 484, 365)
(321, 479, 367)
(304, 486, 371)
(326, 472, 371)
(333, 496, 376)
(326, 486, 372)
(326, 487, 379)
(328, 485, 378)
(325, 483, 366)
(315, 480, 372)
(326, 482, 367)
(321, 484, 366)
(328, 489, 362)
(334, 488, 373)
(331, 485, 371)
(321, 480, 365)
(335, 492, 375)
(331, 489, 377)
(333, 495, 373)
(317, 493, 382)
(331, 480, 372)
(319, 477, 371)
(327, 482, 353)
(319, 476, 370)
(317, 472, 359)
(326, 483, 367)
(320, 474, 360)
(344, 490, 374)
(319, 482, 367)
(321, 475, 368)
(326, 487, 369)
(319, 472, 368)
(327, 489, 369)
(326, 477, 362)
(332, 486, 367)
(319, 475, 358)
(319, 482, 369)
(323, 467, 362)
(325, 474, 374)
(323, 476, 360)
(317, 490, 365)
(332, 480, 372)
(305, 464, 362)
(336, 488, 384)
(328, 477, 363)
(320, 475, 360)
(315, 482, 374)
(314, 483, 365)
(328, 487, 372)
(323, 482, 369)
(319, 473, 361)
(323, 476, 363)
(319, 482, 372)
(331, 481, 362)
(318, 477, 352)
(317, 473, 370)
(314, 489, 378)
(331, 479, 359)
(322, 478, 348)
(324, 477, 374)
(312, 470, 357)
(316, 468, 360)
(329, 488, 374)
(318, 483, 376)
(326, 479, 364)
(323, 487, 370)
(338, 485, 356)
(323, 475, 360)
(318, 476, 377)
(323, 489, 365)
(328, 468, 369)
(320, 484, 374)
(318, 465, 375)
(324, 477, 367)
(318, 483, 369)
(319, 465, 367)
(334, 494, 362)
(336, 492, 374)
(333, 480, 378)
(319, 481, 369)
(324, 484, 365)
(324, 478, 372)
(315, 466, 364)
(321, 477, 372)
(342, 484, 373)
(328, 480, 365)
(324, 488, 370)
(333, 478, 365)
(329, 480, 361)
(321, 488, 372)
(320, 475, 370)
(327, 479, 368)
(327, 482, 371)
(330, 487, 373)
(317, 480, 367)
(327, 490, 372)
(325, 488, 377)
(330, 487, 367)
(329, 481, 373)
(322, 479, 370)
(326, 485, 372)
(331, 483, 365)
(321, 477, 364)
(319, 470, 368)
(320, 474, 375)
(338, 494, 368)
(332, 486, 371)
(320, 473, 364)
(328, 486, 352)
(333, 480, 368)
(325, 486, 373)
(327, 491, 369)
(308, 481, 361)
(323, 477, 362)
(322, 486, 369)
(321, 480, 366)
(316, 483, 373)
(333, 484, 377)
(327, 488, 366)
(320, 479, 363)
(323, 482, 361)
(318, 475, 362)
(330, 482, 368)
(322, 488, 365)
(323, 479, 358)
(332, 481, 373)
(328, 479, 365)
(324, 467, 363)
(330, 485, 375)
(329, 486, 374)
(328, 489, 378)
(322, 482, 365)
(320, 477, 353)
(322, 484, 369)
(322, 466, 364)
(329, 490, 370)
(326, 487, 371)
(325, 481, 376)
(318, 480, 377)
(327, 478, 363)
(327, 491, 365)
(319, 482, 378)
(329, 475, 366)
(330, 480, 365)
(323, 484, 376)
(329, 482, 374)
(323, 490, 369)
(331, 481, 379)
(322, 477, 367)
(330, 488, 373)
(327, 484, 377)
(330, 481, 378)
(329, 493, 372)
(317, 477, 369)
(317, 477, 370)
(325, 486, 373)
(319, 463, 366)
(313, 482, 365)
(330, 488, 374)
(332, 484, 365)
(320, 482, 367)
(311, 484, 369)
(341, 499, 376)
(326, 484, 374)
(323, 482, 363)
(320, 481, 364)
(324, 482, 371)
(327, 484, 370)
(327, 485, 377)
(331, 496, 383)
(327, 486, 373)
(316, 475, 364)
(327, 469, 373)
(324, 481, 364)
(316, 484, 371)
(316, 479, 363)
(319, 474, 361)
(322, 476, 364)
(328, 491, 372)
(333, 482, 380)
(326, 479, 364)
(320, 475, 367)
(321, 474, 369)
(324, 479, 362)
(331, 483, 382)
(335, 484, 382)
(331, 464, 368)
(309, 456, 352)
(340, 477, 378)
(334, 488, 380)
(329, 484, 374)
(326, 480, 366)
(322, 478, 370)
(327, 488, 376)
(322, 480, 376)
(320, 474, 369)
(320, 472, 372)
(325, 481, 358)
(335, 494, 365)
(319, 469, 367)
(319, 495, 380)
(332, 478, 377)
(317, 475, 375)
(333, 489, 379)
(333, 476, 365)
(324, 475, 368)
(326, 464, 360)
(328, 478, 371)
(328, 489, 383)
(324, 482, 364)
(327, 486, 382)
(325, 485, 369)
(313, 469, 362)
(318, 478, 366)
(319, 472, 374)
(327, 482, 371)
(319, 477, 354)
(320, 478, 379)
(316, 476, 362)
(329, 489, 378)
(329, 492, 362)
(323, 480, 367)
(323, 491, 374)
(319, 483, 371)
(314, 480, 367)
(321, 474, 369)
(319, 464, 353)
(323, 478, 373)
(315, 470, 374)
(324, 490, 358)
(328, 487, 380)
(322, 479, 381)
(317, 472, 370)
(321, 471, 367)
(324, 480, 368)
(321, 475, 363)
(318, 484, 370)
(321, 479, 368)
(329, 469, 357)
(323, 468, 365)
(315, 479, 358)
(316, 473, 365)
(325, 477, 367)
(329, 486, 369)
(326, 487, 372)
(329, 482, 379)
(317, 485, 371)
(319, 471, 361)
(319, 479, 369)
(317, 482, 375)
(325, 480, 363)
(329, 486, 382)
(332, 485, 368)
(333, 490, 362)
(322, 461, 371)
(322, 485, 380)
(327, 462, 367)
(324, 482, 364)
(324, 478, 369)
(324, 477, 362)
(320, 476, 361)
(337, 473, 360)
(313, 471, 373)
(330, 483, 369)
(334, 483, 356)
(322, 474, 358)
(314, 483, 374)
(320, 491, 373)
(322, 477, 369)
(321, 480, 374)
(317, 477, 363)
(321, 472, 367)
(320, 483, 373)
(317, 474, 375)
(331, 489, 373)
(320, 481, 363)
(323, 484, 372)
(329, 488, 373)
(318, 475, 358)
(324, 479, 373)
(336, 487, 373)
(329, 480, 367)
(331, 490, 378)
(321, 476, 358)
(320, 472, 363)
(333, 481, 374)
(314, 483, 369)
(313, 474, 364)
(317, 473, 362)
(325, 486, 372)
(311, 470, 361)
(326, 481, 383)
(326, 484, 368)
(339, 488, 364)
(315, 477, 362)
(332, 491, 360)
(313, 488, 371)
(328, 481, 373)
(333, 485, 368)
(326, 485, 374)
(330, 485, 366)
(315, 475, 364)
(329, 482, 378)
(330, 485, 366)
(331, 486, 367)
(325, 496, 373)
(333, 487, 371)
(322, 472, 367)
(322, 482, 371)
(324, 476, 372)
(305, 472, 360)
(324, 477, 378)
(317, 457, 362)
(320, 486, 360)
(326, 489, 376)
(334, 480, 364)
(324, 475, 371)
(312, 467, 362)
(327, 484, 361)
(328, 484, 371)
(321, 473, 364)
(315, 473, 362)
(320, 472, 356)
(326, 479, 362)
(314, 473, 362)
(327, 489, 373)
(316, 474, 358)
(311, 469, 364)
(326, 473, 359)
(326, 479, 370)
(315, 476, 364)
(323, 478, 360)
(316, 473, 358)
(313, 466, 361)
(317, 471, 371)
(324, 489, 376)
(309, 473, 365)
(314, 479, 371)
(322, 475, 359)
(317, 482, 367)
(313, 474, 360)
(316, 458, 359)
(320, 474, 372)
(314, 471, 357)
(331, 489, 357)
(321, 472, 364)
(312, 483, 369)
(328, 477, 371)
(322, 480, 366)
(316, 485, 368)
(313, 480, 370)
(318, 473, 362)
(314, 476, 367)
(323, 466, 365)
(315, 473, 360)
(324, 484, 376)
(322, 490, 369)
(317, 470, 368)
(317, 482, 367)
(327, 482, 363)
(328, 483, 358)
(320, 483, 364)
(324, 486, 372)
(329, 475, 365)
(332, 496, 370)
(322, 483, 366)
(319, 467, 367)
(326, 485, 362)
(328, 490, 371)
(336, 482, 369)
(324, 481, 372)
(323, 479, 361)
(321, 477, 363)
(317, 471, 365)
(320, 483, 365)
(313, 473, 365)
(325, 482, 366)
(313, 478, 364)
(317, 474, 364)
(323, 474, 373)
(321, 473, 364)
(322, 464, 366)
(330, 475, 359)
(315, 474, 362)
(318, 470, 357)
(330, 478, 374)
(329, 482, 372)
(312, 485, 363)
(308, 478, 358)
(321, 476, 362)
(323, 483, 371)
(316, 478, 364)
(328, 459, 360)
(330, 478, 370)
(315, 472, 362)
(312, 481, 367)
(330, 480, 355)
(326, 483, 369)
(320, 474, 363)
(316, 466, 357)
(323, 483, 363)
(311, 479, 365)
(315, 476, 364)
(323, 478, 369)
(330, 492, 358)
(314, 465, 360)
(328, 484, 368)
(316, 478, 366)
(324, 479, 355)
(315, 475, 360)
(316, 470, 365)
(327, 477, 367)
(330, 486, 372)
(318, 473, 364)
(312, 481, 370)
(315, 474, 370)
(316, 473, 356)
(319, 477, 361)
(320, 477, 362)
(318, 471, 356)
(314, 474, 355)
(324, 476, 360)
(325, 481, 365)
(326, 484, 363)
(317, 477, 367)
(328, 491, 372)
(325, 492, 368)
(323, 477, 362)
(313, 482, 374)
(338, 474, 364)
(325, 481, 369)
(316, 473, 359)
(324, 490, 377)
(314, 470, 365)
(328, 480, 369)
(328, 491, 373)
(309, 472, 365)
(328, 472, 369)
(329, 487, 370)
(324, 482, 371)
(327, 495, 372)
(319, 473, 360)
(333, 479, 363)
(328, 483, 363)
(327, 477, 373)
(327, 487, 376)
(317, 482, 364)
(325, 475, 366)
(322, 489, 374)
(319, 487, 371)
(314, 488, 366)
(320, 475, 365)
(323, 477, 364)
(326, 485, 373)
(316, 479, 363)
(316, 476, 358)
(321, 484, 376)
(317, 478, 364)
(327, 486, 378)
(322, 485, 375)
(321, 485, 369)
(330, 485, 376)
(333, 485, 384)
(323, 483, 366)
(320, 475, 362)
(328, 479, 366)
(332, 480, 366)
(321, 484, 380)
(326, 474, 364)
(329, 479, 367)
(320, 479, 367)
(328, 491, 371)
(323, 479, 367)
(322, 474, 371)
(316, 469, 362)
(326, 491, 376)
(336, 488, 374)
(323, 485, 365)
(319, 460, 375)
(321, 470, 372)
(317, 475, 363)
(321, 480, 358)
(329, 493, 371)
(331, 482, 365)
(331, 491, 376)
(326, 489, 376)
(340, 489, 371)
(324, 487, 366)
(319, 477, 364)
(324, 472, 365)
(318, 478, 371)
(319, 465, 363)
(329, 482, 369)
(330, 480, 367)
(320, 481, 365)
(315, 473, 363)
(316, 485, 354)
(319, 473, 370)
(316, 492, 372)
(327, 481, 367)
(323, 470, 366)
(320, 468, 376)
(327, 499, 373)
(314, 479, 363)
(314, 480, 367)
(311, 465, 364)
(316, 488, 368)
(316, 485, 356)
(317, 484, 358)
(316, 469, 355)
(317, 484, 382)
(330, 475, 369)
(324, 488, 380)
(333, 497, 374)
(317, 474, 361)
(316, 483, 371)
(330, 478, 367)
(312, 482, 381)
(314, 480, 372)
(318, 492, 367)
(316, 479, 374)
(323, 482, 374)
(323, 479, 365)
(314, 473, 360)
(325, 478, 368)
(325, 468, 364)
(316, 491, 387)
(325, 497, 382)
(330, 485, 378)
(331, 485, 371)
(315, 482, 360)
(321, 482, 366)
(331, 486, 371)
(319, 472, 366)
(331, 493, 375)
(322, 495, 370)
(332, 482, 373)
(311, 467, 371)
(315, 474, 353)
(322, 480, 369)
(317, 485, 367)
(322, 483, 379)
(320, 478, 364)
(322, 484, 362)
(330, 490, 372)
(317, 478, 367)
(319, 474, 365)
(325, 482, 368)
(318, 470, 365)
(322, 485, 364)
(329, 478, 376)
(338, 488, 370)
(320, 481, 368)
(329, 485, 371)
(329, 480, 373)
(327, 483, 370)
(319, 477, 373)
(329, 488, 371)
(328, 493, 366)
(325, 474, 365)
(315, 474, 364)
(316, 473, 363)
(304, 475, 363)
(336, 479, 359)
(313, 478, 349)
(327, 475, 363)
(314, 475, 364)
(317, 476, 367)
(316, 477, 367)
(319, 474, 362)
(317, 473, 367)
(332, 491, 378)
(333, 478, 358)
(313, 497, 371)
(318, 479, 366)
(314, 466, 365)
(311, 463, 358)
(324, 476, 363)
(324, 465, 366)
(328, 484, 370)
(320, 492, 377)
(318, 477, 358)
(337, 490, 373)
(320, 489, 366)
(321, 478, 366)
(322, 481, 362)
(322, 474, 363)
(318, 485, 371)
(327, 474, 369)
(319, 478, 359)
(339, 485, 368)
(316, 473, 364)
(319, 474, 368)
(328, 489, 372)
(330, 482, 369)
(331, 475, 365)
(321, 492, 376)
(321, 486, 378)
(333, 490, 374)
(338, 480, 372)
(320, 482, 358)
(318, 484, 375)
(324, 484, 367)
(316, 470, 365)
(335, 480, 364)
(317, 473, 362)
(319, 469, 364)
(328, 486, 380)
(321, 480, 372)
(327, 479, 366)
(320, 470, 377)
(322, 476, 368)
(314, 474, 368)
(332, 482, 369)
(326, 481, 369)
(317, 486, 361)
(315, 483, 372)
(330, 480, 364)
(327, 492, 385)
(329, 493, 378)
(322, 483, 384)
(335, 491, 373)
(328, 491, 383)
(332, 491, 362)
(325, 487, 378)
(335, 486, 368)
(312, 492, 384)
(322, 486, 372)
(328, 484, 369)
(323, 484, 363)
(334, 482, 376)
(324, 481, 370)
(314, 473, 360)
(332, 495, 376)
(331, 487, 374)
(321, 475, 368)
(309, 483, 365)
(328, 475, 367)
(316, 479, 365)
(320, 482, 368)
(332, 493, 375)
(322, 473, 368)
(322, 476, 365)
(318, 467, 363)
(320, 489, 383)
(330, 475, 368)
(323, 476, 367)
(318, 477, 380)
(319, 489, 372)
(311, 474, 359)
(329, 475, 367)
(321, 468, 360)
(320, 472, 363)
(312, 483, 371)
(319, 471, 364)
(329, 494, 381)
(322, 492, 381)
(331, 487, 369)
(322, 481, 365)
(316, 478, 366)
(322, 489, 378)
(318, 479, 363)
